# n1, n2, eL, eR, fL, fR for each interior edge
# n1, n2 = two nodes that define the edge
# eL, eR = element on left/right as we walk from n1 to n2
# fL, fR = local edge numbers of this edge in each element
#           note: local edge f is opposite local node f
2 348 2 1 2 3
348 53 3 1 1 2
253 348 5 4 1 2
540 301 9 7 3 1
467 126 11 6 3 3
126 540 11 7 1 2
540 467 11 10 2 3
349 150 17 16 2 3
332 349 18 16 3 1
349 248 18 15 1 2
409 221 23 21 1 3
409 460 25 23 2 3
500 460 26 25 2 3
498 603 33 27 2 1
322 457 34 28 2 1
229 603 35 33 1 3
603 457 35 34 2 3
428 372 38 36 3 1
372 185 39 36 2 3
372 271 41 39 1 1
271 491 41 37 2 3
491 455 42 37 1 2
231 372 43 38 1 1
491 298 44 42 2 3
231 618 45 43 1 3
510 487 47 46 1 2
185 500 48 24 3 3
353 215 51 40 1 2
455 271 55 37 3 1
556 490 56 53 3 1
556 402 57 56 1 2
353 397 58 51 3 3
229 618 59 45 1 2
618 298 59 44 2 3
556 487 60 57 2 3
217 264 62 61 1 2
543 323 63 50 3 1
217 266 64 62 1 3
463 323 65 63 3 1
323 266 65 64 1 2
487 463 66 46 3 1
463 266 66 65 1 2
185 543 67 48 1 2
297 235 69 68 1 3
391 562 73 71 1 3
135 315 75 70 3 1
315 235 75 69 1 2
315 357 77 72 3 2
297 315 77 69 2 3
218 562 78 73 1 2
562 315 78 72 2 3
589 587 82 81 2 3
587 347 83 81 1 2
539 322 86 28 3 2
196 539 86 29 2 1
340 428 87 32 2 1
231 229 88 45 3 3
229 457 88 35 1 3
196 322 89 86 2 1
132 467 92 6 3 1
467 348 92 5 1 2
595 52 94 93 1 2
8 595 95 93 1 3
595 53 95 3 2 2
132 52 96 94 3 2
275 391 97 71 2 1
562 275 98 71 1 2
464 452 100 99 1 2
561 135 103 70 3 2
135 460 103 26 1 3
633 561 104 102 3 1
633 494 105 104 1 2
633 575 106 105 2 3
218 315 107 78 3 3
315 561 107 70 1 3
561 218 107 102 2 3
348 595 108 3 3 3
595 132 108 94 1 3
132 348 108 92 2 2
298 455 109 42 1 2
433 399 111 110 2 3
171 358 113 112 1 2
507 358 114 113 1 2
228 358 118 114 2 2
432 507 119 115 3 2
507 228 119 114 1 3
285 171 121 112 1 3
285 567 123 120 3 2
358 285 123 112 2 1
567 156 124 120 2 1
439 357 125 74 3 1
178 439 125 76 2 3
439 395 126 76 1 2
454 439 127 74 1 2
233 272 128 79 3 3
323 235 129 50 1 3
235 454 129 68 2 2
432 228 131 119 3 2
338 432 133 115 1 3
432 128 133 132 2 3
228 182 134 118 2 1
178 275 135 98 3 2
275 567 135 122 1 3
567 178 135 124 2 1
454 272 136 127 3 3
323 454 137 129 3 3
454 217 137 136 1 2
217 323 137 64 2 3
297 357 138 77 3 1
357 454 138 74 1 3
454 297 138 68 2 1
395 178 139 76 3 1
178 156 139 124 1 3
395 156 140 139 1 2
194 272 141 128 3 1
272 439 141 127 1 2
439 194 141 126 2 3
295 156 143 140 1 2
156 285 143 120 2 3
215 264 145 40 1 1
264 286 145 61 2 1
215 286 146 145 2 3
286 217 147 61 1 3
217 272 147 136 2 1
272 270 148 79 3 2
270 286 148 146 1 3
286 272 148 147 2 3
270 233 149 79 2 1
233 194 150 128 1 2
270 125 151 149 2 1
561 460 152 103 3 2
494 561 152 104 2 1
498 229 153 33 3 1
229 298 153 59 1 3
498 298 154 153 1 2
298 433 154 109 2 3
322 603 155 34 1 1
603 38 155 27 2 3
209 253 156 8 1 2
386 540 159 10 3 1
401 386 159 158 2 3
467 386 160 10 3 2
386 253 160 156 1 2
253 467 160 5 2 3
540 441 161 9 3 2
238 379 163 162 1 2
379 401 163 158 2 1
209 386 164 156 3 3
386 379 164 158 1 2
401 540 166 159 3 1
540 383 166 161 1 2
383 401 166 157 2 3
133 441 167 165 1 3
441 301 167 9 2 1
182 275 168 122 1 1
275 367 168 97 2 1
129 182 170 134 3 3
182 367 170 168 1 3
367 129 170 169 2 1
133 301 171 167 2 3
177 129 172 130 2 1
145 301 173 171 1 3
301 126 173 7 2 3
126 132 174 6 1 2
613 132 175 174 1 2
132 7 175 96 2 2
613 7 176 175 2 3
613 6 177 176 3 1
150 532 178 101 2 3
379 532 179 162 3 1
532 369 179 101 1 2
633 464 180 106 3 1
218 633 180 102 2 2
532 238 181 162 2 3
238 464 182 99 3 3
464 575 182 106 1 3
575 238 182 181 2 3
464 391 183 100 3 3
391 218 183 73 1 3
218 464 183 180 2 1
452 238 184 99 1 1
401 480 185 157 3 2
480 238 185 184 1 2
238 401 185 163 2 3
383 129 186 172 3 3
129 480 186 169 1 3
480 383 186 157 2 1
367 391 187 97 3 3
391 452 187 100 1 2
358 567 188 123 3 1
567 182 188 122 1 2
182 358 188 118 2 3
178 357 189 125 3 1
357 562 189 72 1 1
562 178 189 98 2 3
575 494 190 105 3 2
494 532 190 178 1 3
532 575 190 181 2 1
353 556 191 58 3 2
556 264 191 60 1 1
264 353 191 40 2 3
377 397 192 52 3 1
397 215 192 51 1 2
510 271 193 47 3 3
271 185 193 39 1 3
185 510 193 67 2 3
264 487 194 60 3 3
487 266 194 66 1 2
266 264 194 62 2 2
402 271 195 55 3 1
271 487 195 47 1 2
487 402 195 57 2 2
375 556 196 53 1 2
556 397 196 58 2 1
490 433 197 110 3 1
433 455 197 109 1 2
402 490 198 56 3 1
490 455 198 197 1 2
455 402 198 55 2 2
399 490 199 110 1 2
490 375 199 53 2 3
491 618 200 44 3 1
618 372 200 43 1 2
372 491 200 41 2 3
333 327 203 201 2 3
168 514 205 204 2 3
333 514 206 203 3 1
514 167 206 204 1 2
317 201 207 144 3 3
201 514 207 205 1 3
514 327 208 203 3 3
317 514 208 207 2 2
333 167 209 206 1 2
552 538 212 211 2 3
240 376 213 142 3 3
240 166 214 202 1 2
194 395 215 126 1 2
317 376 216 213 3 1
295 317 216 144 2 1
213 194 217 150 3 2
194 376 217 215 1 3
376 213 217 142 2 2
213 240 218 142 1 1
240 214 218 214 2 3
376 395 221 215 3 2
395 295 221 140 1 3
295 376 221 216 2 1
295 285 222 143 3 3
285 201 222 121 1 3
201 295 222 144 2 2
338 128 223 133 1 3
128 544 223 116 2 1
544 251 224 116 1 3
338 544 225 223 1 3
384 544 226 225 1 2
466 363 228 227 2 3
168 338 229 117 3 2
338 384 229 225 1 3
498 433 230 154 3 3
397 169 231 52 3 3
169 375 231 54 1 1
375 397 231 196 2 3
377 215 232 192 1 2
270 524 233 151 3 1
524 215 233 232 1 2
215 270 233 146 2 1
225 524 234 80 1 3
524 125 234 151 2 3
524 511 236 80 3 2
377 524 236 232 2 3
511 225 237 80 2 1
559 308 238 220 3 3
559 125 239 238 1 2
125 233 239 149 2 3
213 214 240 218 3 3
214 559 240 220 1 1
511 508 245 237 3 1
429 508 246 244 1 3
508 225 246 237 2 3
422 179 251 250 2 3
399 375 252 199 1 3
416 375 253 252 1 2
375 319 253 54 2 3
416 319 254 253 2 3
399 416 255 252 3 3
545 169 257 256 1 2
169 377 257 52 2 2
511 243 258 245 3 2
243 545 258 235 1 3
416 604 259 254 2 1
604 319 260 254 1 3
604 410 261 260 2 3
410 319 262 260 1 2
410 387 263 262 2 3
169 387 264 256 3 1
387 319 264 262 1 2
319 169 264 54 2 2
545 468 266 235 3 2
387 545 266 256 2 3
243 306 267 242 3 2
468 243 267 235 2 1
387 468 268 266 3 1
495 387 268 263 2 3
377 511 269 236 3 1
511 545 269 258 1 2
545 377 269 257 2 3
495 468 270 268 3 1
468 306 270 267 1 1
306 495 270 265 2 3
410 495 271 263 2 1
508 350 272 244 1 2
350 373 272 243 2 2
243 508 273 245 3 1
508 373 273 272 1 3
373 243 273 242 2 3
623 157 275 241 3 1
306 373 276 242 3 1
373 623 276 241 1 2
623 306 276 274 2 3
179 350 277 250 1 2
350 429 277 244 2 1
225 125 279 234 2 3
445 551 280 278 1 3
225 551 281 279 3 1
551 429 281 278 1 2
429 225 281 246 2 3
125 308 282 238 3 1
308 551 282 280 1 2
551 125 282 279 2 3
462 146 283 219 3 3
308 214 284 220 2 2
214 166 285 214 3 2
166 462 285 219 1 1
462 214 285 284 2 3
456 422 287 249 3 1
234 456 287 247 2 3
373 437 288 243 3 1
157 373 288 241 2 3
350 422 289 250 3 1
422 437 289 249 1 3
437 350 289 243 2 3
148 577 291 290 2 3
265 577 292 291 1 3
148 265 294 291 1 1
265 420 294 293 2 1
234 422 295 287 2 1
422 459 296 251 3 1
420 422 296 295 2 3
48 234 297 247 3 1
577 12 298 290 1 2
434 265 301 293 1 2
614 205 302 300 3 1
205 577 302 292 1 2
577 614 302 298 2 3
330 614 303 300 1 2
614 174 303 299 2 3
330 174 306 303 3 3
174 607 306 304 1 2
330 607 307 306 3 2
607 205 307 305 1 3
205 330 307 300 2 3
174 189 309 308 1 3
602 279 311 310 1 2
189 473 313 312 3 2
473 57 314 312 1 1
615 482 316 315 2 3
473 602 317 310 2 3
565 634 319 318 1 3
344 482 320 316 2 3
634 582 322 318 1 2
344 565 326 320 1 1
565 10 328 319 3 3
590 565 329 326 3 2
565 501 329 328 1 2
501 590 329 323 2 1
565 482 330 320 3 3
482 582 330 321 1 1
582 565 330 318 2 1
279 473 332 310 3 1
473 615 332 314 1 3
615 344 333 316 3 1
279 615 333 332 2 2
602 451 334 311 2 3
344 451 335 331 3 3
451 279 335 311 1 2
279 344 335 333 2 1
601 446 336 327 2 2
39 451 337 334 3 3
446 606 338 327 3 1
606 451 338 337 1 1
451 446 338 331 2 2
606 601 339 327 2 3
149 566 341 325 2 3
360 347 342 83 3 2
347 612 342 340 1 3
340 474 343 30 3 3
584 196 345 29 3 2
474 539 346 30 3 2
539 584 346 29 1 3
584 474 346 31 2 2
597 474 347 343 3 1
474 378 347 31 1 1
597 378 348 347 1 2
378 587 348 84 2 2
340 597 349 343 1 2
597 438 349 344 2 3
340 457 350 87 3 1
457 539 350 28 1 3
539 340 350 30 2 1
606 151 352 339 3 1
612 601 353 340 3 2
601 149 353 336 1 1
149 612 353 341 2 1
151 601 354 339 1 3
601 347 354 340 2 1
438 360 355 344 3 2
360 612 355 342 1 2
438 612 356 355 1 2
612 566 356 341 2 3
326 340 357 32 3 2
340 438 357 349 1 3
597 587 358 348 3 3
587 360 358 83 1 3
360 597 358 344 2 1
438 566 359 356 3 3
326 438 359 357 2 2
378 584 360 31 1 3
151 347 361 354 3 3
347 589 361 81 1 1
589 151 361 351 2 1
574 87 362 91 2 2
312 154 363 49 1 1
591 574 364 91 3 3
501 10 365 328 2 1
501 591 367 365 3 1
591 526 367 364 1 2
249 574 368 366 1 3
574 525 368 362 2 1
616 501 369 323 3 2
501 526 369 367 1 2
526 616 369 324 2 1
149 446 370 336 2 3
446 344 371 331 3 1
344 590 371 326 1 3
590 446 371 370 2 3
566 154 373 363 3 2
154 326 373 85 1 1
326 566 373 359 2 1
590 616 374 323 3 3
616 149 374 325 1 1
149 590 374 370 2 1
616 312 375 324 3 3
312 566 375 363 1 3
566 616 375 325 2 2
312 249 376 366 1 1
547 620 379 377 1 3
484 398 381 380 3 1
398 312 381 49 1 2
312 484 381 376 2 3
202 504 386 384 3 1
504 339 387 384 2 3
339 202 388 384 1 2
138 564 391 389 1 3
362 339 392 387 2 3
138 382 393 391 1 3
236 624 396 394 1 3
502 624 397 396 1 2
624 542 397 395 2 3
564 203 401 389 2 2
502 542 402 397 1 3
542 483 402 399 2 1
622 311 404 398 2 2
175 504 407 386 2 1
239 483 408 400 3 3
483 335 408 385 1 1
535 236 410 403 1 2
236 502 410 396 2 3
444 592 411 409 1 3
592 535 411 403 2 3
483 535 412 400 3 2
535 502 412 410 1 3
502 483 412 402 2 3
444 535 413 411 1 3
535 239 413 400 2 1
624 578 414 394 2 2
578 236 415 394 1 1
483 461 417 399 3 3
461 504 417 407 1 3
504 483 417 385 2 2
311 576 419 398 3 1
542 311 419 395 2 2
137 576 420 418 1 3
576 581 422 418 3 2
581 137 423 418 2 1
239 335 424 408 3 2
362 239 424 390 2 2
599 331 427 426 3 1
296 382 428 393 2 2
331 569 429 426 1 3
278 557 432 416 2 3
598 557 433 432 2 3
564 444 434 401 3 1
444 239 434 413 1 3
239 564 434 390 2 1
282 444 435 409 1 1
444 203 435 401 2 3
362 382 436 392 3 1
382 564 436 391 1 2
564 362 436 390 2 3
504 362 437 387 3 1
362 335 437 424 1 1
335 504 437 385 2 3
339 569 438 429 3 2
569 382 438 428 1 3
382 339 438 392 2 3
192 329 439 382 1 3
192 291 440 439 1 3
291 198 440 430 2 3
599 296 441 425 3 3
296 569 441 428 1 1
569 599 441 426 2 2
198 202 442 388 2 2
331 339 443 429 3 3
339 198 443 388 1 3
198 331 443 430 2 2
267 202 444 442 1 3
202 175 444 386 2 2
622 328 445 404 1 1
609 328 446 445 1 2
620 515 449 378 2 3
525 515 450 372 3 1
515 249 450 378 1 2
249 525 450 368 2 3
448 192 451 382 2 1
610 329 452 383 3 1
329 448 452 382 1 2
484 547 453 377 2 1
249 620 454 378 3 1
620 484 454 377 1 2
484 249 454 376 2 2
448 267 455 451 3 1
267 547 455 448 1 3
547 448 455 379 2 3
198 267 456 442 3 1
267 192 456 451 1 3
192 198 456 440 2 3
175 305 458 421 3 1
305 267 458 448 1 1
267 175 458 444 2 3
175 461 459 407 3 1
461 581 459 422 1 1
581 175 459 421 2 2
331 291 460 430 2 1
581 303 461 423 3 1
305 581 461 421 2 3
450 576 463 420 1 2
576 622 463 398 2 3
469 165 464 447 1 3
291 329 466 439 1 2
274 469 467 465 1 2
469 630 467 464 2 3
630 165 469 464 3 2
274 630 471 467 1 3
630 629 471 470 2 3
328 311 472 404 3 3
311 624 472 395 1 1
624 328 472 414 2 1
165 622 473 447 3 2
622 609 473 445 1 3
609 165 473 462 2 3
450 622 474 463 1 3
622 469 474 447 2 1
469 586 475 465 2 1
586 274 476 465 1 3
576 461 478 422 3 2
461 542 478 399 1 2
542 576 478 419 2 1
608 134 481 480 1 2
262 430 483 479 1 3
585 430 484 483 1 2
430 608 484 480 2 3
137 450 490 420 2 3
627 626 491 477 3 1
262 585 492 483 3 3
585 405 492 485 1 1
405 255 493 485 3 3
162 405 493 487 2 2
403 405 494 488 3 1
405 232 494 487 1 1
232 403 494 457 2 3
262 405 495 492 1 2
262 303 496 495 1 3
625 303 497 496 1 2
303 390 497 489 2 1
625 390 498 497 2 3
430 130 499 479 2 2
486 224 502 19 1 2
224 563 502 20 2 1
219 349 503 15 2 3
221 486 504 21 3 2
486 563 504 502 1 3
190 409 506 22 3 3
409 500 506 25 1 1
500 190 506 24 2 2
428 231 507 38 3 2
231 457 507 88 1 2
457 428 507 87 2 3
428 326 508 32 1 3
326 190 508 85 2 3
190 185 509 24 3 1
185 428 509 36 1 2
428 190 509 508 2 3
610 448 510 452 3 2
448 620 510 379 1 2
620 610 510 449 2 1
610 515 511 449 1 3
449 274 512 476 3 2
274 629 512 471 1 3
629 449 512 468 2 1
127 248 514 13 1 1
287 244 520 519 2 3
560 253 521 4 3 3
253 230 521 8 1 1
230 560 521 90 2 2
51 348 523 2 3 3
348 560 523 4 1 1
560 51 523 522 2 3
369 150 524 101 3 1
150 332 524 16 1 2
493 369 525 14 3 1
369 332 525 524 1 2
209 379 526 164 3 2
379 369 526 179 1 2
369 209 526 14 2 3
418 158 529 517 3 2
492 307 531 518 3 2
307 418 531 517 1 3
366 492 532 530 3 1
492 418 532 531 1 2
345 492 533 518 1 3
356 230 534 90 3 3
617 208 539 538 1 2
341 516 542 541 2 1
244 619 547 546 2 3
4 619 548 545 3 1
619 571 548 546 1 2
356 619 549 547 1 3
619 3 549 545 2 3
158 307 551 517 1 1
127 354 552 516 3 3
354 307 552 551 1 2
259 527 557 554 2 3
210 432 561 132 1 1
432 313 561 131 2 2
129 313 562 130 3 3
313 228 562 131 1 1
228 129 562 134 2 1
313 177 563 130 2 2
255 396 564 482 1 3
155 183 567 543 3 2
252 155 567 566 2 3
526 574 569 364 3 1
574 312 569 366 1 2
312 526 569 324 2 2
252 183 570 567 2 1
364 363 576 572 3 1
384 466 578 226 1 3
466 394 578 228 2 1
519 246 581 537 2 2
246 144 582 536 1 1
423 144 583 582 1 2
423 380 586 584 3 1
246 423 586 582 2 3
261 380 587 585 1 3
380 227 587 584 2 3
227 423 588 584 1 2
316 206 591 589 2 3
520 206 592 591 2 3
180 261 593 585 2 1
546 436 597 596 1 2
134 430 599 480 3 1
430 320 599 499 1 1
130 262 600 479 1 1
262 625 600 496 2 3
611 303 601 489 1 2
303 137 601 423 2 3
341 583 602 542 1 1
579 583 603 602 1 2
611 626 604 491 3 1
390 611 604 489 2 3
579 626 605 603 1 3
626 288 605 477 2 3
208 579 606 538 1 1
579 288 606 605 2 3
627 586 607 475 3 3
586 288 607 513 1 1
288 627 607 477 2 2
137 627 608 490 3 1
627 611 608 491 1 2
611 137 608 601 2 3
450 469 609 474 3 3
469 627 609 475 1 1
627 450 609 490 2 3
579 617 610 538 3 3
617 341 610 540 1 1
341 579 610 602 2 3
621 337 611 535 3 3
506 621 611 528 2 1
188 621 612 535 1 1
519 161 613 581 1 1
161 605 613 579 2 3
516 605 614 541 3 3
605 320 614 579 1 2
211 519 615 580 3 1
519 605 615 613 1 3
337 188 616 535 3 2
506 337 617 611 3 1
337 208 617 539 1 2
632 506 618 527 3 2
506 208 618 617 1 2
288 632 619 513 3 3
632 208 619 618 1 2
208 288 619 606 2 3
586 449 620 476 3 3
449 632 620 527 1 3
632 586 620 513 2 2
506 449 621 527 2 1
631 188 622 616 2 1
381 183 623 570 3 3
183 246 623 536 1 2
246 381 623 537 2 1
631 381 624 622 3 1
381 519 624 537 1 3
519 631 624 580 2 3
631 211 625 580 1 2
211 617 625 540 2 2
617 337 626 539 3 3
337 631 626 616 1 2
631 617 626 625 2 3
188 252 627 565 3 3
252 381 627 570 1 1
381 188 627 622 2 3
316 423 628 588 1 2
423 442 628 583 2 3
442 144 629 583 1 2
130 625 631 600 1 3
625 583 631 498 2 1
626 583 632 603 3 2
583 390 632 498 1 3
390 626 632 604 2 1
130 583 633 631 1 3
583 516 633 542 2 3
211 605 634 615 3 2
605 341 634 541 1 2
341 211 634 540 2 3
320 130 635 499 3 3
130 516 635 633 1 3
516 320 635 614 2 2
320 161 636 579 1 1
134 320 637 599 1 2
320 180 637 636 2 3
277 155 638 543 1 3
184 155 639 638 1 2
596 355 641 640 1 2
596 568 642 641 2 3
170 316 643 589 1 1
316 442 643 628 2 3
277 237 644 571 3 1
442 277 644 629 2 3
183 277 645 543 3 1
277 144 645 629 1 2
144 183 645 536 2 3
193 277 646 571 1 2
277 184 646 638 2 3
304 237 653 630 2 3
237 193 654 571 3 3
568 237 654 653 2 3
260 355 655 650 2 1
568 355 656 641 3 2
304 568 657 653 3 1
568 241 657 656 1 2
241 304 657 651 2 3
596 593 658 642 2 1
593 568 659 642 1 3
568 193 659 654 2 1
193 184 660 646 3 3
184 593 660 647 1 1
593 193 660 659 2 3
164 355 661 655 1 3
550 318 664 663 1 2
314 374 665 662 1 3
355 572 667 650 3 3
241 355 667 656 2 1
260 414 668 649 3 3
414 572 668 666 1 3
572 260 668 650 2 2
290 299 675 674 2 3
299 260 676 674 1 2
164 318 677 664 3 2
318 260 677 676 1 2
260 164 677 655 2 1
550 164 678 664 2 3
427 216 679 669 3 2
318 374 680 663 3 1
374 299 680 662 1 2
299 318 680 676 2 3
216 314 681 669 1 1
314 181 681 665 2 3
206 170 684 589 1 2
528 496 685 652 3 3
496 170 685 684 1 2
223 496 687 686 1 2
212 414 688 666 2 1
241 572 689 667 3 1
572 212 689 666 1 2
212 241 689 651 2 1
499 408 690 672 3 2
414 207 691 649 2 2
407 499 692 672 1 3
499 207 692 691 2 3
136 407 693 673 1 2
407 207 693 692 2 3
256 368 694 594 3 3
290 263 696 675 2 1
290 136 697 682 3 1
136 207 697 693 1 3
260 290 698 674 3 1
290 207 698 697 1 2
207 260 698 649 2 1
290 537 700 696 3 1
537 522 700 699 1 2
522 290 700 682 2 2
537 263 701 696 2 3
374 550 702 663 3 3
181 374 702 665 2 2
216 181 706 681 3 3
13 263 707 701 1 3
299 536 708 670 3 3
536 263 708 707 1 2
263 299 708 675 2 3
427 14 709 679 3 2
536 427 709 670 2 2
299 314 710 662 3 1
314 427 710 669 1 3
427 299 710 670 2 1
324 181 712 706 1 1
447 336 713 704 2 1
254 216 714 711 1 1
216 324 714 706 2 2
553 447 715 703 3 3
447 181 715 712 1 2
550 553 716 648 3 1
553 181 716 715 1 2
181 550 716 702 2 1
254 324 717 714 1 3
186 254 718 705 1 1
254 283 718 717 2 3
283 336 720 713 3 3
479 336 723 720 3 1
336 302 723 722 1 2
283 324 724 717 3 2
324 447 724 712 1 3
447 283 724 713 2 1
352 186 726 719 1 3
283 479 727 720 3 2
479 186 727 726 1 2
186 283 727 718 2 3
163 479 728 721 1 1
479 302 728 723 2 2
479 321 729 721 3 3
321 352 729 725 1 3
352 479 729 726 2 3
187 321 730 405 1 1
321 163 730 721 2 2
282 203 731 435 1 3
282 533 733 731 1 3
187 163 734 730 1 3
138 296 735 393 3 3
296 187 735 406 1 3
187 138 735 734 2 3
163 302 736 728 1 3
302 533 736 732 2 1
328 578 737 414 1 3
138 163 738 734 3 2
203 138 738 389 2 1
588 278 739 416 3 1
32 578 740 737 2 2
578 557 741 415 3 3
557 588 741 416 1 2
588 578 741 740 2 3
592 557 742 433 3 3
557 236 742 415 1 2
236 592 742 403 2 1
592 282 743 409 3 2
282 598 743 431 1 3
598 592 743 433 2 1
163 533 744 736 3 3
533 203 744 731 1 2
203 163 744 738 2 1
598 23 745 431 3 2
278 598 746 432 3 1
598 600 746 745 1 2
600 278 746 739 2 1
588 600 747 739 3 2
458 261 749 593 2 3
380 180 750 585 1 2
180 161 750 636 2 2
316 520 751 591 1 1
227 316 752 588 1 3
316 549 752 751 2 3
325 573 753 590 3 3
227 549 754 752 1 3
161 246 755 581 3 3
246 380 755 586 1 1
380 161 755 750 2 3
426 300 758 757 1 2
365 530 762 760 1 3
481 424 763 575 1 3
424 426 763 757 2 3
365 481 765 762 2 3
549 520 767 751 1 2
520 573 767 753 2 1
488 573 768 766 3 2
573 346 768 590 1 2
421 549 769 754 3 2
549 573 769 767 1 3
573 421 769 766 2 1
404 546 770 596 3 3
546 412 770 598 1 1
365 325 771 765 2 1
222 546 773 598 3 2
368 222 773 595 2 3
436 223 774 686 3 3
223 497 774 772 1 3
497 436 774 597 2 2
436 404 775 596 1 1
404 206 775 592 2 3
206 496 776 684 3 3
496 436 776 686 1 1
436 206 776 775 2 3
521 389 778 777 1 2
435 276 779 558 1 2
139 521 780 777 2 3
513 354 781 559 3 1
354 518 781 516 1 2
518 513 781 515 2 3
284 513 782 553 3 3
513 142 782 515 1 2
354 594 783 559 2 3
594 513 784 559 1 2
513 419 784 553 2 2
419 400 785 556 3 3
594 419 785 784 2 3
580 419 786 556 3 1
419 284 786 553 1 1
580 284 787 786 1 2
527 400 788 555 3 3
400 580 788 556 1 2
580 527 788 557 2 3
400 435 789 558 3 3
594 400 789 785 2 1
269 594 790 783 1 3
594 435 790 789 2 1
289 276 791 779 1 2
276 521 791 780 2 3
289 366 792 550 3 1
435 289 792 779 2 3
133 145 793 171 2 1
435 366 794 792 3 1
366 418 794 532 1 2
158 354 795 551 3 3
354 269 795 783 1 1
269 158 795 529 2 1
492 199 796 530 3 3
199 287 796 519 1 1
287 492 796 533 2 2
269 435 797 790 3 3
435 418 797 794 1 2
418 269 797 529 2 2
199 366 798 530 1 2
366 309 798 550 2 3
133 309 799 793 3 1
309 289 799 550 1 2
523 248 801 514 3 2
248 219 801 15 1 1
523 219 802 801 1 2
518 127 803 516 3 1
127 523 803 514 1 3
310 555 806 804 1 3
370 426 807 759 3 2
426 465 807 758 1 3
334 481 809 764 3 2
481 426 809 763 1 3
426 334 809 759 2 1
346 325 811 590 3 1
325 481 811 765 1 3
481 346 811 764 2 1
555 152 812 804 3 2
152 140 812 500 1 2
140 555 812 805 2 1
370 465 813 807 3 2
570 310 816 815 1 2
310 273 816 806 2 3
628 259 817 554 3 1
570 465 818 813 2 1
527 628 819 554 1 2
628 465 819 818 2 3
141 351 820 814 1 3
570 628 821 818 3 1
351 570 821 815 2 3
476 259 822 817 2 1
242 273 823 808 3 2
273 555 823 806 1 2
131 242 824 748 3 1
242 555 824 823 1 2
555 131 824 805 2 3
258 242 825 810 1 3
242 392 825 748 2 3
392 131 826 748 1 2
140 489 827 568 3 2
489 131 827 826 1 2
131 140 827 805 2 2
162 255 828 493 3 1
255 489 828 564 1 3
489 162 828 568 2 1
458 134 829 481 3 2
134 180 829 637 1 3
180 458 829 593 2 1
392 458 830 486 3 3
458 258 830 749 1 1
258 392 830 825 2 3
396 608 831 482 3 2
608 458 831 481 1 3
458 396 831 486 2 2
489 396 832 564 3 2
396 392 832 486 1 1
392 489 832 826 2 3
255 585 833 485 3 2
585 608 833 484 1 3
608 255 833 482 2 1
424 293 834 756 3 2
300 424 834 757 2 1
518 523 835 803 3 2
548 413 836 505 2 1
413 224 837 505 1 3
162 140 838 568 3 3
152 141 839 814 3 1
141 247 839 501 1 1
247 152 839 500 2 3
310 351 840 815 3 1
351 152 840 814 1 2
152 310 840 804 2 1
351 628 841 821 3 1
628 476 841 817 1 2
476 351 841 820 2 2
273 370 842 808 3 1
370 570 842 813 1 2
570 273 842 816 2 3
527 465 843 819 1 3
465 300 843 758 2 2
292 527 844 555 1 1
527 300 844 843 2 3
488 258 845 810 3 1
421 488 845 766 2 3
334 370 846 759 2 3
370 242 847 808 3 3
242 488 847 810 1 2
488 370 847 846 2 3
300 293 848 834 2 1
293 200 849 756 1 1
293 251 850 849 2 3
276 400 851 558 3 1
400 292 851 555 1 2
141 476 852 820 1 3
476 343 852 822 2 1
580 343 853 787 3 3
343 259 853 822 1 3
259 580 853 557 2 1
284 142 854 782 3 2
142 343 854 560 1 2
343 284 854 787 2 2
534 142 855 560 3 3
142 518 855 515 1 1
518 534 855 835 2 2
523 411 856 802 2 3
141 343 857 852 3 3
343 534 857 560 1 1
534 141 857 501 2 2
494 460 858 152 2 1
543 500 859 48 3 1
500 135 859 26 1 1
235 543 860 50 3 2
543 135 860 859 1 2
135 235 860 75 2 2
463 510 861 46 3 3
510 543 861 67 1 2
543 463 861 63 2 2
478 150 862 17 3 3
150 494 862 178 1 1
494 478 862 858 2 1
478 460 863 858 1 3
460 221 863 23 2 2
349 478 864 17 1 1
478 221 864 863 2 3
398 153 865 380 3 3
153 486 865 19 1 3
154 398 866 49 3 3
398 190 866 22 1 1
190 154 866 85 2 2
398 486 867 865 3 2
486 409 867 21 1 1
409 398 867 22 2 2
563 349 868 503 3 3
349 221 868 864 1 3
221 563 868 504 2 2
563 411 869 20 3 3
411 219 869 802 1 2
219 563 869 503 2 1
232 224 870 837 3 2
224 153 870 19 1 1
153 232 870 457 2 1
405 305 871 488 3 3
305 303 871 461 1 1
303 405 871 495 2 2
484 403 872 453 3 1
403 153 872 457 1 2
153 484 872 380 2 2
547 305 873 448 3 2
305 403 873 488 1 2
403 547 873 453 2 3
162 413 874 838 3 2
413 232 874 837 1 3
232 162 874 487 2 3
413 140 875 838 3 1
140 247 875 500 1 1
247 413 875 836 2 3
548 247 876 836 3 1
247 534 876 501 1 3
523 548 877 856 3 1
548 534 877 876 1 2
534 523 877 835 2 1
411 224 878 20 3 2
224 548 878 505 1 2
548 411 878 856 2 3
443 268 880 695 3 2
443 226 882 671 2 1
143 268 883 879 1 3
145 406 884 800 3 2
309 145 884 793 2 3
251 128 885 116 3 2
417 251 885 850 2 3
529 293 886 848 3 3
293 417 886 850 1 1
292 300 888 844 3 3
300 529 888 848 1 1
529 292 888 887 2 3
167 168 889 204 1 1
168 384 889 229 2 2
200 359 890 574 3 1
359 251 890 224 1 2
251 200 890 849 2 2
404 325 891 771 3 3
325 520 891 753 1 2
520 404 891 592 2 1
415 530 892 761 3 1
364 415 892 576 2 2
554 200 893 574 3 2
200 424 893 756 1 3
424 554 893 575 2 2
530 554 894 761 3 3
554 481 894 575 1 1
481 530 894 762 2 2
359 554 895 574 1 3
554 415 895 761 2 2
276 292 896 851 3 2
292 139 896 887 1 2
139 276 896 780 2 1
517 160 897 573 3 3
222 160 899 595 1 2
160 541 899 573 2 2
541 517 900 573 1 1
280 364 901 572 3 2
541 280 901 900 2 3
222 541 902 899 1 3
541 364 902 901 2 1
359 415 903 895 3 3
415 363 903 576 1 1
363 359 903 227 2 2
412 222 904 598 3 3
222 364 904 902 1 3
530 412 905 760 3 2
412 364 905 904 1 2
364 530 905 892 2 1
365 404 906 771 3 1
404 412 906 770 1 2
412 365 906 760 2 1
368 546 907 773 3 1
546 497 907 597 1 3
497 368 907 694 2 1
421 258 908 845 3 1
258 261 908 749 1 3
227 421 909 754 3 3
421 261 909 908 1 2
261 227 909 587 2 3
346 334 910 764 3 3
334 488 910 846 1 1
488 346 910 768 2 2
342 414 911 688 1 3
414 499 911 691 2 1
388 408 912 690 1 1
425 408 913 912 1 2
475 408 914 913 1 2
408 407 914 672 2 1
509 172 915 881 2 2
256 497 916 694 3 2
497 425 916 772 1 2
425 223 917 772 3 1
388 425 917 912 2 3
496 212 918 652 3 2
212 342 918 688 1 1
342 496 918 687 2 2
442 237 919 644 1 1
237 528 919 630 2 2
212 528 920 652 3 1
528 304 920 630 1 1
304 212 920 651 2 2
170 442 921 643 3 3
442 528 921 919 1 3
528 170 921 685 2 2
195 160 922 897 3 1
394 503 924 577 2 3
517 503 925 898 3 3
503 280 925 577 1 2
280 517 925 900 2 2
558 538 926 212 3 3
503 197 927 898 2 2
558 197 928 927 2 3
167 384 930 889 1 3
384 394 930 578 2 3
280 394 931 577 3 1
394 363 931 228 1 3
363 280 931 572 2 3
250 167 932 209 3 2
167 394 932 930 1 3
394 250 932 924 2 1
159 552 933 210 3 3
552 558 933 212 1 1
197 517 935 898 1 1
517 195 935 897 2 2
124 204 937 923 3 1
195 124 937 922 2 2
168 201 939 205 3 1
201 171 939 121 1 2
171 168 939 117 2 3
544 359 940 224 3 3
359 466 940 227 1 1
466 544 940 226 2 2
317 327 941 208 3 1
327 240 941 202 1 3
240 317 941 213 2 2
531 385 942 934 3 2
179 429 943 277 1 3
429 445 943 278 2 1
445 308 944 280 1 3
308 462 944 284 2 1
462 470 945 283 3 2
445 462 945 944 2 3
559 233 946 239 3 3
233 213 946 150 1 3
213 559 946 240 2 2
173 145 947 800 3 3
145 126 947 173 1 3
4 571 948 548 3 2
356 3 949 549 3 3
560 356 950 90 3 1
356 1 950 949 1 2
1 560 950 522 2 1
471 571 951 544 1 3
571 244 951 546 2 1
371 244 952 520 3 3
244 356 952 547 1 1
356 371 952 534 2 2
472 371 953 12 1 3
209 493 954 14 3 2
230 209 954 8 2 3
472 493 955 953 1 3
493 332 955 525 2 2
345 287 956 533 3 3
287 371 956 520 1 1
371 345 956 12 2 2
472 127 957 13 3 2
345 472 957 12 2 1
230 493 958 954 3 1
493 371 958 953 1 2
371 230 958 534 2 1
332 248 959 18 3 2
248 472 959 13 1 3
472 332 959 955 2 3
127 307 960 552 3 2
307 345 960 518 1 1
345 127 960 957 2 1
210 313 962 561 3 3
313 389 962 563 1 1
529 417 964 886 3 2
417 139 964 963 1 2
139 529 964 887 2 1
128 210 965 132 3 2
210 417 965 963 1 3
417 128 965 885 2 1
507 338 966 115 3 1
338 171 966 117 1 1
171 507 966 113 2 3
177 383 968 172 3 1
383 441 968 161 1 1
441 177 968 165 2 2
389 177 969 563 3 3
177 133 969 165 1 1
133 389 969 778 2 2
289 521 970 791 3 3
521 133 970 778 1 3
133 289 970 799 2 2
139 210 971 963 3 1
210 389 971 962 1 2
389 139 971 777 2 1
480 367 972 169 3 2
367 452 972 187 1 2
452 480 972 184 2 3
173 6 973 177 3 1
6 147 973 967 1 3
406 173 974 800 3 1
173 147 974 973 1 2
471 406 975 961 3 1
406 147 975 974 1 2
147 471 975 544 2 1
5 571 976 948 3 1
571 147 976 544 1 2
147 5 976 967 2 2
244 199 977 519 3 2
199 471 977 961 1 2
471 244 977 951 2 3
199 309 978 798 3 3
309 406 978 884 1 1
406 199 978 961 2 3
126 613 979 174 3 3
613 173 979 177 1 2
173 126 979 947 2 2
425 475 980 913 3 3
509 475 981 980 3 1
505 509 981 881 2 3
509 176 982 915 1 1
509 440 983 982 2 3
342 499 984 911 3 3
499 388 984 690 1 2
505 443 985 671 3 2
443 172 985 880 1 2
172 505 985 881 2 1
505 475 986 981 1 1
475 407 986 914 2 3
407 226 987 673 3 1
226 505 987 671 1 3
505 407 987 986 2 3
522 226 988 683 3 1
226 136 988 673 1 3
136 522 988 682 2 3
368 124 989 594 3 2
124 160 989 922 1 1
160 368 989 595 2 1
342 388 990 984 3 2
388 223 990 917 1 1
223 342 990 687 2 3
440 124 991 923 3 2
124 256 991 594 1 1
256 440 991 983 2 3
425 509 992 980 3 2
509 256 992 983 1 1
256 425 992 916 2 2
204 440 993 923 1 3
440 176 993 982 2 2
268 485 995 879 3 2
172 268 995 880 2 1
143 294 996 938 3 3
294 485 996 994 1 3
485 143 996 879 2 1
281 143 998 938 1 1
477 220 999 929 3 3
558 477 1000 928 3 1
159 558 1000 933 2 2
197 195 1001 935 3 3
195 477 1001 929 1 1
477 197 1001 928 2 3
485 176 1002 994 3 2
176 172 1002 915 1 3
172 485 1002 995 2 1
220 294 1003 936 3 2
294 281 1003 938 1 2
204 176 1004 993 3 3
176 294 1004 994 1 1
294 204 1004 936 2 1
204 220 1005 936 3 3
220 195 1005 929 1 2
195 204 1005 937 2 1
477 431 1006 999 2 2
281 431 1007 997 3 3
431 220 1007 999 1 1
220 281 1007 1003 2 2
512 257 1010 1008 3 1
257 159 1010 210 1 1
477 512 1011 1006 3 1
512 159 1011 1010 1 2
159 477 1011 1000 2 1
512 431 1012 1006 2 3
385 257 1014 934 1 1
146 191 1015 1013 2 1
361 265 1017 301 3 2
265 205 1017 292 1 3
361 205 1018 1017 1 2
205 46 1018 305 2 2
434 234 1019 297 3 1
234 420 1019 295 1 1
420 434 1019 293 2 3
434 361 1020 301 1 3
459 148 1021 1016 3 2
148 420 1021 294 1 3
420 459 1021 296 2 1
470 459 1022 286 3 2
459 179 1022 251 1 3
445 470 1023 945 3 1
470 179 1023 1022 1 2
179 445 1023 943 2 3
146 245 1024 1015 3 1
245 470 1024 286 1 3
470 146 1024 283 2 1
459 245 1025 286 2 1
157 437 1026 288 3 1
437 456 1026 249 1 2
456 157 1026 248 2 3
453 385 1027 942 3 1
191 453 1027 1013 2 3
166 453 1028 1009 3 2
453 146 1028 1013 1 2
146 166 1028 219 2 2
531 552 1029 211 3 1
552 257 1029 210 1 2
257 531 1029 934 2 3
531 453 1030 942 1 2
453 393 1030 1009 2 1
558 250 1031 926 3 2
250 503 1031 924 1 3
503 558 1031 927 2 1
538 531 1032 211 1 2
531 393 1032 1030 2 3
393 333 1033 201 3 1
538 393 1033 1032 2 3
327 393 1034 201 3 2
393 166 1034 1009 1 3
166 327 1034 202 2 1
333 250 1035 209 3 3
250 538 1035 926 1 1
538 333 1035 1033 2 1
191 385 1036 1027 1 1
245 191 1037 1015 2 3
322 38 1038 155 3 3
103 322 1038 89 2 3
589 108 1039 82 3 1
109 589 1039 351 2 2
38 498 1040 27 3 2
498 50 1040 230 1 2
113 157 1041 275 3 1
114 623 1042 274 3 1
623 113 1042 275 1 2
433 123 1043 111 3 1
50 433 1043 230 2 1
123 399 1044 111 1 3
399 122 1044 255 2 2
416 121 1045 259 3 1
122 416 1045 255 2 1
121 604 1046 259 1 3
604 119 1047 261 3 1
120 604 1047 1046 2 2
410 118 1048 271 3 1
119 410 1048 261 2 3
495 116 1049 265 1 2
118 495 1050 271 1 3
495 117 1050 1049 2 3
306 114 1051 274 3 2
116 306 1052 265 3 1
306 115 1052 1051 1 2
49 157 1053 1041 1 1
157 112 1053 248 2 2
11 614 1054 299 3 1
614 12 1054 298 1 2
112 456 1055 248 3 1
456 48 1055 247 1 2
47 361 1056 1020 3 2
361 46 1056 1018 1 3
607 45 1057 304 3 1
46 607 1057 305 2 1
174 11 1058 299 3 2
58 174 1058 308 2 1
45 174 1059 304 1 3
174 44 1059 309 2 3
615 57 1060 314 3 2
56 615 1060 315 2 1
42 602 1061 317 1 3
44 189 1062 309 3 2
189 43 1062 313 1 2
57 189 1063 312 1 3
189 58 1063 308 2 2
43 473 1064 313 1 1
473 42 1064 317 2 1
634 54 1065 322 3 3
10 634 1066 319 3 2
634 9 1066 1065 1 2
591 10 1067 365 3 3
41 602 1068 1061 2 2
55 482 1069 321 3 2
482 56 1069 315 1 2
54 582 1070 322 1 2
582 55 1070 321 2 3
40 602 1071 1068 3 3
602 39 1071 334 1 1
39 606 1072 337 2 2
606 110 1073 352 3 2
111 606 1073 1072 2 3
378 106 1074 360 3 3
107 378 1074 84 2 3
106 584 1075 360 3 2
110 151 1076 352 1 1
151 109 1076 351 2 3
108 587 1077 82 3 3
587 107 1077 84 1 1
87 591 1078 91 1 1
591 88 1078 1067 2 2
515 85 1079 372 1 3
80 329 1080 466 1 2
329 81 1080 383 2 3
609 102 1081 446 3 3
101 609 1081 462 2 1
102 328 1082 446 1 2
328 32 1082 737 2 3
19 321 1083 725 3 1
321 20 1083 405 1 3
296 76 1084 425 3 2
75 296 1084 406 2 1
599 77 1085 427 3 2
76 599 1085 425 2 1
78 291 1086 460 3 3
77 331 1087 427 3 1
331 78 1087 460 1 1
83 515 1088 511 1 2
515 84 1088 1079 2 3
79 291 1089 1086 1 1
291 80 1089 466 2 3
165 101 1090 462 3 2
31 165 1090 469 2 1
100 630 1091 470 3 1
630 31 1091 469 1 2
30 629 1092 468 3 2
629 100 1092 470 1 2
29 449 1093 621 3 3
449 30 1093 468 1 3
584 104 1094 345 3 2
105 584 1094 1075 2 1
104 196 1095 345 1 1
196 103 1095 89 2 1
610 83 1096 511 1 3
81 610 1097 383 1 2
610 82 1097 1096 2 3
28 506 1098 528 3 2
506 29 1098 621 1 1
26 188 1099 565 1 1
188 27 1099 612 2 3
98 155 1100 639 3 2
155 99 1100 566 1 2
97 184 1101 647 1 2
184 98 1101 639 2 3
99 252 1102 566 3 1
252 26 1102 565 1 2
525 87 1103 362 1 3
85 525 1104 372 1 2
525 86 1104 1103 2 3
96 593 1105 658 3 3
593 97 1105 647 1 3
27 621 1106 612 3 2
621 28 1106 528 1 3
596 96 1107 658 3 1
95 596 1107 640 2 3
164 94 1108 661 1 3
25 164 1109 678 3 3
164 93 1109 1108 1 3
94 355 1110 661 1 2
355 95 1110 640 2 1
21 550 1111 648 1 2
550 25 1111 678 2 1
13 536 1112 707 3 3
536 14 1112 709 1 1
74 537 1113 699 1 3
537 13 1113 701 2 1
73 522 1114 683 3 2
522 74 1114 699 1 1
72 226 1115 882 1 3
226 73 1115 683 2 3
14 216 1116 679 3 1
216 15 1116 711 1 3
90 447 1117 704 3 2
447 89 1117 703 1 2
89 553 1118 703 1 1
553 21 1118 648 2 3
254 16 1119 705 3 3
15 254 1119 711 2 2
91 336 1120 722 3 3
336 90 1120 704 1 3
92 302 1121 732 1 2
302 91 1121 722 2 1
16 186 1122 705 3 2
186 17 1122 719 1 2
533 92 1123 732 3 3
22 533 1123 733 2 2
352 19 1124 725 3 2
600 23 1125 745 3 1
17 352 1126 719 3 1
352 18 1126 1124 1 2
187 75 1127 406 3 2
20 187 1127 405 2 2
588 33 1128 747 3 2
32 588 1128 740 2 1
23 282 1129 431 1 1
282 22 1129 733 2 3
600 24 1130 1125 3 2
600 37 1131 1130 1 2
600 34 1132 1131 1 3
33 600 1133 747 1 1
600 35 1134 1132 3 3
36 600 1134 1133 2 2
70 268 1135 883 1 2
268 71 1135 695 2 1
68 143 1136 998 3 2
67 281 1137 997 3 1
281 68 1137 998 1 3
64 257 1138 1014 1 2
257 65 1138 1008 2 3
69 143 1139 1136 3 1
143 70 1139 883 1 3
71 443 1140 695 1 3
443 72 1140 882 2 1
431 67 1141 997 3 2
66 431 1141 1012 2 3
65 512 1142 1008 1 2
512 66 1142 1012 2 1
63 385 1143 1036 1 2
385 64 1143 1014 2 3
245 62 1144 1037 3 1
61 245 1144 1025 2 3
459 61 1145 1025 3 1
60 459 1145 1016 2 3
191 63 1146 1036 3 3
62 191 1146 1037 2 3
148 60 1147 1016 2 1
48 434 1148 297 1 2
434 47 1148 1020 2 3
12 148 1149 290 1 1
148 59 1149 1147 2 1
