4.548782201279999882e+00 -5.588000100000000003e+01
1.117600020999999941e+02 -5.588000106999999872e+01
-3.057270744270000051e+01 -4.659306007360000024e+01
-5.283265798909999944e+01 -1.796386962820000122e+01
-5.271716081160000300e+01 1.833048336610000106e+01
-3.029776164200000110e+01 4.690822156950000021e+01
4.986211089610000258e+00 5.588000100000000003e+01
1.117600020999999941e+02 5.588000106999999872e+01
3.910987079000000088e-01 1.793578640000000057e-02
3.910987079000000088e-01 -9.623263030999999398e-03
4.882551133999999959e-01 1.711749657999999882e-02
4.883688389999999990e-01 1.729047297999999899e-02
3.335461068189622680e-02 5.821162435254606179e-03
2.817378003330272065e-02 5.631814940918958160e-04
2.585168427620000015e-02 -3.189842370050000216e-03
2.461011283723490983e-02 -6.982295033085913691e-03
2.456988453058746996e-02 -1.014568258460201051e-02
2.539686018933800041e-02 -1.272110988478085056e-02
2.678692310249999875e-02 -1.472040858790000031e-02
2.897211339400000002e-02 -1.645200773729999996e-02
1.051049809999999966e-02 2.860250529999999996e-03
-1.589759464264616992e-02 -2.629555028227158892e-02
-2.366506945513468033e-02 -4.392457503209241249e-02
-2.376803190000000010e-02 -5.422231878000000060e-02
1.038470764999999997e-02 3.078125878000000093e-03
-4.630429083548136260e-02 -5.006961410660810269e-02
-4.768442161491664305e-02 -5.592949191060007236e-02
-4.641135430762002856e-02 -6.031592757771336161e-02
-4.370584049369879986e-02 -6.278212906299787677e-02
-4.067913428741044835e-02 -6.394723563544178757e-02
-3.068284182749760058e-02 -6.415843194061875143e-02
-1.462386593000000040e-02 -6.037569790999999797e-02
-1.476981934000000038e-02 -6.012289917000000067e-02
-2.042955495999999871e-02 -5.899699080000000290e-02
-1.852395061090000156e-02 -5.995336273210000178e-02
-1.647853071199999880e-02 -6.032055152210000215e-02
-2.242234171020000139e-02 -5.705612918930000332e-02
6.301440833000000463e-01 -8.153817979999999910e-02
4.946354614810016814e-01 -8.780455542257590770e-03
4.899818431789003115e-01 -4.312139069977843388e-03
4.879508203860000171e-01 -1.075531614209999931e-03
4.869765511999999963e-01 1.781175053000000081e-03
4.872270566342009057e-01 5.825574981826154262e-03
4.888401193389834143e-01 8.707769279594334416e-03
4.908300522059872995e-01 1.041724346251994039e-02
4.934443582219998903e-01 1.157395613990037930e-02
4.976173177319991869e-01 1.216127294732654955e-02
5.049639569200019551e-01 1.142165921031030977e-02
5.237481368399968806e-01 5.090335028832757881e-03
6.317569205999999937e-01 -7.874464392999999673e-02
4.982500095999999701e+01 -5.588000102950000070e+01
5.076860806940000259e+01 5.588000103000000252e+01
1.117600020999999941e+02 2.610060743350000045e+00
4.126080826849998773e-01 1.793578620005521068e-02
4.382542409899999880e-01 1.793578619999930054e-02
4.549406660910053080e-01 1.793578615665600978e-02
4.727581375376596062e-01 1.794008056041675875e-02
4.832357295439029810e-01 1.742224868609117128e-02
4.845206237760121271e-01 1.800263029194636849e-02
4.751017160156547070e-01 1.959124999020914887e-02
4.547750430509233110e-01 2.253648584824225962e-02
4.257992064613103089e-01 2.602317306086111143e-02
3.881553697455811802e-01 2.950221683881971979e-02
3.324223104956018915e-01 3.286558269354433043e-02
2.767125892374496243e-01 3.443564187567101781e-02
2.231156904307617095e-01 3.437021008200612238e-02
1.766402171493696993e-01 3.307266924105661116e-02
1.402482578777244915e-01 3.120177643789059929e-02
1.126838245395098970e-01 2.919090187657033889e-02
9.210767559152154005e-02 2.731315844570957052e-02
7.585139460461516603e-02 2.433755735909786874e-02
6.193475822479135168e-02 2.031029533169419893e-02
5.006321645047420721e-02 1.571487894678774005e-02
4.029615674703544703e-02 1.067434136936877033e-02
3.804369074788645916e-02 -1.851389385121338105e-02
5.099473113854056244e-02 -2.071947400867453146e-02
6.600450707990607180e-02 -2.282872091314137875e-02
8.203157965713341049e-02 -2.466119324490521902e-02
9.917018566308730132e-02 -2.626845748097298913e-02
1.193887406880013990e-01 -2.780210611403296020e-02
1.398654901453404986e-01 -2.898360257328346998e-02
1.612113979215958892e-01 -2.987833374253262911e-02
1.880570423760991039e-01 -3.041184453822936076e-02
2.188704772310245128e-01 -3.026643279130817113e-02
2.551345455660229966e-01 -2.875379326830843074e-02
2.873707572384264219e-01 -2.609815975993946130e-02
3.187872782159492102e-01 -2.215226201517737914e-02
3.532532881359055077e-01 -1.656926707270486160e-02
9.097443475064598967e-03 1.560939631241800921e-03
6.214588024216994785e-03 -1.094314443423417002e-03
8.588457863696180843e-04 -6.047209277739730091e-03
-6.894871101668175947e-03 -1.418779201414051977e-02
8.168289557998545392e-03 1.424696855529141923e-03
3.691515751589563837e-03 -1.953196868163479833e-03
-3.709347635280333972e-03 -7.659582908316591929e-03
-1.287954916746011924e-02 -1.499080437870007991e-02
-2.351464689413414882e-02 -2.400930008580007963e-02
-3.407191083229484108e-02 -3.391958848058772291e-02
-4.157585529925320739e-02 -4.239797760585484188e-02
-3.562999727702915315e-02 -6.449897295862805358e-02
-2.438702692058076008e-02 -6.301949158863956457e-02
-1.912380957471717866e-02 -6.169390199037406985e-02
6.245592233460979248e-01 -7.686040092729608253e-02
6.161143351680694602e-01 -7.018013009323492701e-02
6.049517384058390457e-01 -6.207582898350962053e-02
5.913437247752209025e-01 -5.313923666216301828e-02
5.750099071333729661e-01 -4.384140395142092222e-02
5.577663512494749343e-01 -3.515447011659023069e-02
5.402334128327141993e-01 -2.724175977938501914e-02
5.233690037409475249e-01 -2.036460427434479831e-02
5.076336208891681911e-01 -1.446871350538768072e-02
5.139783901574909164e-01 8.937925900465087253e-03
5.322131146746239549e-01 1.009374125074941021e-03
5.397447078483397220e-01 -3.093917841913998001e-03
5.464356026963571589e-01 -7.091116643372495643e-03
5.526353597830545583e-01 -1.103381934961076075e-02
5.597660418553676021e-01 -1.586071518437360064e-02
5.681889408812582642e-01 -2.204940323156811058e-02
5.779038197245951469e-01 -2.965371483754862883e-02
5.883115754692870292e-01 -3.807096660228845297e-02
5.993269285653043399e-01 -4.742276979220103050e-02
6.107676574817599846e-01 -5.789842688380709979e-02
6.222484809436844566e-01 -6.915177208710139578e-02
7.233946149129999448e-02 1.360171644289999981e-01
6.321613232099999591e-01 1.149531760449999940e-01
6.971937060340000158e+00 1.688067261469999991e+01
-1.936689679279999909e+00 -2.196599530099999864e+00
-1.169899912089999994e-02 1.049583899119999941e+00
1.433905182830000014e+00 2.026534377730000003e+00
-9.869411002960000456e-02 -1.067822498440000045e-01
-3.420134938000000124e-01 -1.546114234659999864e-01
2.876145038550000166e+01 2.779979584419999838e+01
-1.062075525830000089e+00 4.474547534730000109e+00
-1.494046466800000028e-01 -9.156128892569999345e-02
1.015869590349999907e+00 -1.612767186859999924e-01
3.522203344270000147e-02 2.933245793940000151e-02
-2.899599032100000015e-02 -1.024602135959999938e-01
2.679497253660000078e-02 -3.618936183540000240e-02
-7.791573307029999729e-01 1.390122006089999918e+00
-3.764157218270000049e-01 -2.748482057000000145e-01
-7.746415564659999697e-01 -3.603022709109999777e-01
-1.291000517100000078e+00 -5.556866010219999596e-01
1.105160206010000062e-01 4.841687633740000135e-02
-7.329826458299999736e-02 -9.530579125730000156e-03
-3.196966762190000200e+00 1.001305339259999982e+01
4.547557052639999986e-01 1.277268729029999994e-01
-2.819873567140000148e+01 1.645944993490000030e+01
4.865043764190000175e-01 2.367424839579999885e-02
4.776736218329999950e-01 -7.404744135759999679e-02
1.633733438469999966e+00 -1.465129912120000100e+00
5.229686843130000318e-01 -3.804441677409999695e-02
-5.589426298380000269e-01 -2.612300218840000188e-01
1.753130081690000008e-01 -3.962069397719999997e-01
4.905112762380000047e-01 -2.123729293319999989e-01
-4.795527750160000213e-02 -2.845897048920000005e-02
8.244074956610000227e-01 5.630914492399999860e-01
5.274089597919999761e-01 1.316943506399999991e-02
-2.959362732279999797e+00 -8.270354497690000084e-01
2.329213319589999998e-01 1.450768686580000133e-01
6.815956042779999779e-02 1.828953992039999976e-01
-1.097790495869999938e-01 -5.512198374180000277e-02
-2.000797729819999982e-01 -2.756652548240000056e-01
1.720152758010000046e-02 -2.572111994159999998e-02
7.537664650610000246e-03 6.535281689870000091e-03
-2.686279378350000038e-02 -6.987197915880000165e-02
4.707216368939999840e-01 2.135744826050000045e-01
2.676686674140000277e-01 4.590787727299999732e-01
3.380084552839999756e-01 6.275988488760000372e-01
6.244031898330000274e-01 6.413257932160000346e-04
-6.140865420250000289e-02 5.090132278949999894e-02
4.848052828269999726e-01 7.928681527919999583e-01
7.135924205549999677e-02 6.025618879439999936e-02
-1.213063203980000004e+01 2.256073302809999959e+01
4.877731346809999757e-01 1.303744683739999945e-02
3.641339075930000169e-02 -1.019807661460000042e-01
8.280339730300000090e-02 8.371761717039999384e-02
7.919077708830000173e-01 3.090401814689999860e+00
9.884210772939999723e-01 4.817613190039999882e-01
5.160124156230000425e-01 6.144410357999999933e-02
-1.410706460599999990e-01 -6.315201390350000388e-02
1.582085464319999898e-02 1.690229178809999917e-03
1.099021463549999966e+00 1.204994010180000075e+00
-6.464434638450000659e-02 -2.707362221699999988e-02
-3.750673338129999895e-02 -1.864825457550000135e-02
7.262209554370000486e-01 -1.646191858490000104e-01
2.100008109629999953e-02 -1.046069331590000068e-02
2.903601246579999920e-02 -2.543077416479999978e-02
-5.690552008630000297e-02 -5.234999973960000053e-02
4.829367903369999881e-01 1.107443166139999990e-02
6.146267620169999502e-01 -2.588060280789999945e-01
4.105261509079999871e-01 8.218279362010000311e-02
1.046482586810000004e-01 -6.970065709049999558e-02
-3.646956162730000117e-02 -4.100553564339999915e-03
7.436396778539999808e-01 2.559906391880000243e-01
1.194952563399999945e-01 1.578452108960000100e-01
6.137027601510000041e-01 -8.060283953180000238e-02
1.609151698880000037e-01 2.036578754080000109e-01
7.803361492209999473e-02 -6.475702101090000107e-02
-9.306326004429999799e+00 -3.999235317589999728e-01
-2.314405532649999875e-01 5.566917124789999560e-01
5.138147373710000299e-01 5.738123768920000423e-01
5.724350816660000313e-02 -8.069736481849999754e-02
1.293263342270000067e-02 -3.831976652219999668e-02
1.006171436840000016e-01 1.128609578279999998e-01
4.921011993200000156e-01 1.495261998230000035e-02
-7.030237609459999426e-02 8.764736571579999358e-02
2.141676541240000037e-02 3.163383614890000195e-02
-5.829556732050000106e-02 -7.321750243919999956e-02
6.794950445849999632e+00 -3.221618626210000169e+00
-1.613388395249999996e-01 1.529324362569999929e+00
-7.896596453510000557e-02 -6.733820000359999614e-02
-1.784332139200000070e-02 3.904806190210000083e-02
6.359961261559999857e-01 2.419077688850000130e-01
5.545529823010000303e-01 2.037597322259999955e-01
6.902757965119999950e-01 4.329560242970000028e-02
2.150348420479999967e-02 -1.659282911009999956e-04
8.201326149790000297e-01 5.790280748119999710e-02
1.451400775760000039e+00 2.197298580250000022e-01
-6.038087320050000012e-02 -1.452590605849999994e+00
1.410462119910000089e-01 1.077260771959999974e-01
6.566673620030000214e-01 -8.392414093150000198e-01
8.384998465049999655e-03 2.044476360820000060e-01
-5.776277361910000033e-03 8.553636391039999565e-02
-2.555822432220000023e-02 -6.364135506400000475e-01
5.982848994799999653e-01 6.997451992439999990e-02
4.997736243340000079e-02 3.161131611149999715e-02
-1.325433193499999940e-01 7.637306110140000374e-03
7.537211442319999843e-01 1.450455876829999990e+00
6.387760208770000281e-01 -9.490165132599999442e-02
4.903371267179999826e+00 -1.171237081369999977e+01
6.454177057729999500e-01 -1.135095141670000030e-01
-4.563634570539999713e-02 -3.684091815539999870e-01
6.921824736899999664e-01 1.707999087819999928e-01
5.047239859709999887e-01 2.088880315269999940e-02
9.729230633130000472e-01 -4.895426156569999618e-03
-2.584576677529999873e-03 -6.263516333230000066e-02
-4.281323009790000134e-02 1.090393156910000015e-02
2.990197249239999966e+00 7.601377259249999518e-01
1.765934145300000063e-02 -5.937752096039999872e-02
5.458953787450000483e-01 2.873256572999999814e-01
-1.459553199520000066e-02 1.830209684399999870e-02
-3.512941168050000007e-01 -6.376431305089999557e-02
5.725044634960000378e-01 2.167268937790000141e-02
-1.450371557539999934e+01 -8.289973507639999184e+00
4.494429977189999814e-01 6.285061548749999727e-02
-8.962879893019999600e-02 -3.035008349080000126e-02
-5.460736409180000361e-01 -4.495381914000000090e-01
-4.353754815509999765e-01 -2.312908649710000208e+00
2.718462398659999835e-01 -1.141870781869999962e-01
2.369874723029999908e-01 3.264948648170000189e-01
-1.682089370550000074e-01 7.803200037880000384e-01
-5.380261199880000123e-02 -4.073854697620000326e-02
1.996803188210000002e+01 -6.068154149349999749e+00
2.086280222210000132e-02 -5.247741925869999803e-03
-1.720842903550000025e-01 -1.806108084140000125e-01
4.262359111089999986e-02 1.107664724839999976e-01
2.907887693969999909e-01 1.012304265909999973e-01
-2.427857608929999966e-01 -4.158653706129999961e-02
-1.015292529729999949e+00 -8.958368220760000444e-02
1.140552261529999972e-02 1.779989841449999832e-02
-1.688201006689999950e-01 -3.456119327039999800e-02
-8.863709202189999636e-02 -1.357896424210000008e-01
2.740426624370000119e-02 1.121165681389999988e-02
7.457653763149999504e-01 1.076191124750000040e-02
4.934784988109999770e-01 1.904439133559999997e-02
7.988621870250000034e-01 -7.114476783049999628e-03
8.363571488130000509e-02 -1.037238134229999942e-01
8.513653003639999606e-02 4.286268275630000096e-02
-2.726765896979999937e+00 -2.107578928949999930e-01
6.992839646720000468e-01 1.033059441159999980e-01
7.109423870800000156e-01 -9.249120252570000589e-02
7.901143884950000418e-01 1.522019831699999992e-01
-4.700071120450000084e-01 -7.616168856140000110e-02
-3.820594418909999818e-02 -7.501436215130000140e-02
1.198872120100000105e+00 7.761443531210000524e-01
-1.683405350579999959e+00 1.176658665549999983e+00
-5.300971034359999723e-02 -8.476427345970000832e-03
-1.202349374609999917e-02 -5.647232482859999847e-02
4.733412237290000046e-01 -7.947107170629999842e-03
8.588856963629999675e-02 3.131776481640000109e-01
1.428940462470000006e-01 6.283691339869999781e-02
-3.874460065649999903e-03 -4.191094733060000271e-02
1.614762072219999914e-02 -7.659514022839999936e-03
-1.384927464140000009e+00 -3.051723434110000244e-01
6.844732798170000132e-01 6.984326152530000442e-01
7.512768810340000325e-01 7.171934654990000380e-02
-7.837743397559999714e+00 -4.396427588049999891e+00
-5.437663076350000152e-02 -8.196674745139999330e-02
-2.793752730290000041e+00 2.193137668249999894e+00
2.599583225309999926e-02 1.926646034210000025e-02
9.753033144200000393e-02 -4.390756246819999681e-02
-1.078789551490000109e+00 7.291616702780000514e-01
-4.160415104549999854e-01 6.757415433200000265e-01
1.127999134810000054e-01 7.970127860549999776e-02
6.632989629279999466e-01 4.913332848629999861e-01
4.026019933029999914e-02 -3.204831808409999705e-02
1.008164036599999980e+00 1.091004893780000012e-01
6.517955861019999464e-01 -8.281280048530000049e-02
2.038325555710000098e-02 1.055640970019999965e-02
-6.662477310850000167e-01 4.514406616700000208e-01
2.253823901600000124e+00 8.565690980070000293e+00
7.300753761700000052e-03 -1.640201447450000127e-02
-3.946159659870000086e-02 -1.334967087349999970e-01
-2.820851974710000126e-02 2.172886289539999877e-02
3.223582127159999727e-02 -1.524287480100000036e-01
5.544626685279999689e-01 3.634182887350000026e-03
-3.475047780350000171e+00 -1.704761619229999914e+00
5.708576964489999739e-01 1.411440601379999882e-01
-5.406124662359999888e+00 3.608124403750000209e+00
-5.527298394140000015e-01 -1.561256115559999935e-01
-1.240994197030000079e-02 -7.650377543479999765e-02
3.787330537079999782e-01 -1.698689685060000010e-01
4.303194134319999753e-01 1.938351406170000013e+00
1.937137745010000106e-02 4.440596290340000085e-03
1.152497024469999909e+00 8.777538374580000358e-02
-9.628664210880000240e-02 4.385533179929999859e-02
5.349651697270000339e-01 4.091545295510000124e-01
1.341204270799999966e-02 9.444110863959999380e-03
6.103415948189999662e-01 -1.867469379249999881e-02
-1.166321462730000036e-01 -8.437743452760000651e-02
2.313114675949999935e-02 -1.935991876379999921e-02
6.229868372800000387e-01 -8.863023635340000483e-02
8.716530832450000155e-01 -1.323470033120000000e-03
1.697842964389999904e-02 -2.520396113850000008e-03
-1.626813764280000130e-01 1.560342202610000006e-01
5.622803357050000228e-01 -1.632705846189999865e-01
4.457009137119999909e-01 3.208680553889999842e-01
-1.518673762850000081e-02 -6.685239948549999423e-02
1.278961357170000090e-01 -5.063930805200000246e-02
4.901989458639999797e-01 1.383683086569999915e-02
7.110619987199999492e-02 -4.272406936789999859e-02
8.246688829930000075e-01 -2.648810406049999955e+00
3.382973846249999750e-01 3.412131536979999824e-01
-3.306354059230000031e-01 1.457089622430000064e-01
2.236363014299999966e-02 -6.714723170139999531e-02
1.009341148590000084e-02 -8.001165324579999349e-03
-5.903961971070000037e-02 -6.439727291579999680e-02
2.365409243599999878e-01 8.729342292609999499e-01
5.121500205019999946e-02 -5.916804859029999725e-02
5.913696160579999805e-01 -1.176713089190000033e-01
-7.913997393919999790e-02 -8.120836883250000249e-02
-5.197852404209999874e-03 5.696732881589999797e-02
-1.068795811159999998e+00 -3.256845837480000228e-01
4.591488518449999834e-01 -1.972338225540000087e-02
-4.099580083720000268e+00 -3.714176102510000188e+00
-2.362292254439999906e-01 1.372844092999999932e-01
5.305186086900000042e-01 -5.943909560030000150e-02
5.503105582789999772e+01 -1.071238427179999952e+01
5.994451475800000040e-01 -1.539039895589999984e+00
5.371819469940000147e-01 4.200993829349999875e-02
-6.891007458200000269e-01 -1.905233771419999889e-01
2.240164420850000032e-02 -1.455209386660000041e-02
7.008793856139999834e-01 7.591854704289999894e-03
-2.269700656059999933e+00 -9.679352061810000407e-01
-3.314553591290000066e-03 7.228234551069999576e-03
-7.328514655210000228e+00 -2.542101195549999915e+01
1.025256601910000009e+00 2.530727369449999875e-01
7.465451673409999600e-01 9.914435704949999817e-01
-7.070999800989999362e-02 5.427044450219999927e-01
5.429933965609999857e-01 -7.878637579519999490e-02
4.950710348049999765e-01 1.470831748370000046e-02
3.208824196119999805e-02 -5.890066927359999954e-02
2.983891864740000066e-02 4.060793888990000267e-01
-1.093770293489999997e-02 2.912448710639999883e-01
-1.347733173129999906e-01 2.126212685960000015e-01
-5.054103664820000397e+00 6.030725473379999757e-01
1.601930483929999927e+00 1.245174102830000074e+00
2.901756986010000164e-02 1.503900652609999888e-01
2.943516341240000056e+00 -2.245120868769999944e+00
-4.444526971509999980e-01 4.944768326280000320e-02
-4.500570314209999978e+00 -9.056529976709999374e+00
6.773891724630000111e-01 -1.239297428919999972e-01
5.471898441320000028e-01 2.191539605280000066e-02
1.615923092299999947e-02 6.183577902110000413e-03
6.441325261439999617e-01 -2.536936367970000009e-02
6.537553161319999973e-01 3.448076995480000018e-01
6.374183027740000229e-01 2.860776510939999975e-02
5.800719338640000222e-01 -6.645023991600000624e-02
4.639818518980000306e+00 -9.040217130689999492e-02
-1.209836412240000020e-01 -2.946308044899999951e-02
-6.996502955410000002e-02 -4.295780869600000079e-02
3.660209689809999778e-02 -4.603707547750000156e-02
3.009709516740000090e+00 3.512775056490000214e+00
1.853944407729999910e-01 6.076038586209999703e-01
3.600089708159999735e-01 9.263010167129999417e-02
9.939303201670000476e+00 1.673781072439999962e+00
5.935074066740000376e-01 -3.694140285749999888e-03
1.210143963010000025e-02 6.891467209170000496e-02
-3.383272813040000271e-01 2.409648040270000013e+00
-6.162291883079999699e-02 -1.093274319240000042e-01
1.535150554619999941e+00 6.467485737379999877e-01
-2.677294356330000014e-01 -1.076626734349999948e-01
3.844764954109999855e-01 2.405300246210000104e-01
1.525412852490000137e-01 4.159509558430000142e-01
7.986905306970000229e-01 3.905058416300000168e-01
-2.140959354520000080e-01 -1.337215002549999865e-01
6.627143298050000020e-01 4.125898942820000262e-03
4.139400324940000209e-01 -3.321946150999999792e-01
6.330905686569999746e-01 -5.203441942050000130e-02
-1.672630709329999910e+00 3.850184926449999878e-01
4.834701695249999709e+00 2.433513206269999785e+00
6.987845439909999845e-01 -5.916125649500000167e-02
7.924646121980000180e-02 -2.457337137610000055e-01
-8.323970928589999319e-02 1.479619972419999874e-01
-6.389284660150000572e-02 -2.084341570930000054e-01
-1.241734606340000013e+01 7.562119930979999793e+00
3.622819076060000004e-02 4.478327230299999906e-02
2.826366643020000041e-02 6.223243953680000079e-02
6.452115802090000463e-01 -4.672729243800000098e-01
5.847207977489999875e-01 -1.813043319770000009e-02
-2.239230378850000092e-01 -9.953337217130000525e-01
-5.694939086390000266e-02 2.162218415380000036e-01
-2.719174257879999890e-01 -4.644944805099999741e-01
4.222345433999999745e-03 3.620178933320000042e-02
-6.996985215060000374e-02 3.865569467800000214e-01
6.165120343650000168e-01 -3.882582683030000315e-02
-3.525931774280000042e-01 1.066158452939999890e+00
-3.859691977419999809e+00 -3.769058881810000150e-01
-1.652597339499999984e+00 -1.318459860819999885e-01
4.959798448189999820e-01 2.708460098929999990e-02
-1.939163654959999983e-01 1.731089245409999852e-02
5.104584049589999672e-01 3.523146603189999948e-02
-9.600260320679999959e-02 1.072757812610000043e-03
-3.720404947320000155e-01 4.102968772780000162e-01
2.694147321869999959e-02 8.605856476169999880e-02
-4.493518040980000183e-01 2.447791618609999886e-01
2.325955591069999925e-02 4.196218044549999797e-03
6.330185243960000374e-01 -1.543180890899999991e-01
5.546554621539999674e-01 6.878517672969999830e-02
-1.242430740869999994e-01 -1.137409764750000052e-01
1.828725831409999947e-01 8.026179162850000104e-02
2.619786976469999917e-01 1.321346305769999896e+00
6.444070589470000110e-01 -6.967572420819999335e-02
4.989277219359999904e-01 1.701333740469999911e-02
-2.872808440140000030e+00 6.208336487929999592e-01
-3.581469242239999906e-02 1.100943536069999978e-01
5.270699729990000471e-01 2.592015403289999950e-02
5.421705773530000050e-01 -1.137804898909999946e-01
8.799830573229999731e-01 2.687851747910000033e-01
6.951145870260000414e-02 1.040381888150000017e-01
1.972513250820000064e+00 5.183971514169999573e+00
-6.651127758149999458e-02 1.739766516880000141e-02
6.657303416260000606e-02 3.813264467440000138e-02
9.202085001339999765e-03 -5.055923774420000016e-02
5.337156776789999668e-01 1.019791985009999985e-01
4.786318361319999992e-01 -3.999012672849999728e-02
1.219893952520000047e-02 -2.136731731450000182e-03
1.352973426550000136e-01 -8.652728697379999390e-02
-4.495553324189999894e-02 -6.973860010790000619e-02
-2.847958172109999950e-02 -8.722502892719999346e-02
4.826883611869999813e-01 -1.851524263949999929e-02
2.116947806279999789e+00 9.571531047179999696e-01
4.047576344200000120e-01 1.543545021690000130e-01
9.013860155409999519e-01 1.193359522759999958e-01
6.728211289450000132e-01 -7.436548064650000400e-02
5.146920639419999555e-01 1.857263297670000077e-02
6.231544647009999993e-01 -1.087334508699999980e-01
-1.935751600629999902e-01 -8.449283974780000261e-02
4.831965894790000160e-01 4.270761762670000072e-02
1.013754036319999940e+00 -4.956893588460000166e-01
1.014075895469999933e-02 -8.906131384960000452e-02
5.098980822240000155e-01 1.486556873050000060e-01
8.133074774920000527e-01 -5.507779924810000255e-02
1.975240512290000083e+00 4.364494368890000087e-01
-6.583430791480000543e-01 1.516009748890000119e-01
7.048664788990000041e-02 5.341785297319999737e-01
2.242941887899999998e+01 7.528821671550000261e+00
5.763782024950000471e-01 5.469799918500000031e-03
-3.186607320879999983e-02 -7.855824517930000417e-02
4.887136428960000001e-01 8.861433869769999583e-02
-1.841844696409999926e+01 1.433822193769999975e+00
-1.450440886940000063e+00 -4.289579720449999911e+00
4.782469804969999849e-01 4.023144100590000070e-03
5.900712177920000023e-01 -8.761867218820000580e-02
4.232134568450000162e-02 6.534911822149999661e-02
-8.675950613420000401e-01 -2.216170771340000012e-01
1.824142676849999922e-01 1.430932309980000039e-01
1.072765865330000068e+00 -9.950002918320000056e-01
1.655813334190000055e-02 -1.495738753060000051e-02
2.589547565929999795e+00 1.880164602470000057e+00
-2.482631780840000024e-01 2.549360039670000022e-01
4.467566520149999776e-01 -9.886475677129999244e-04
1.304686159339999915e-02 -7.336734046279999588e-02
2.430926500260000012e-01 -2.223218936290000114e-01
9.253467119050000356e-02 6.213045284029999893e-02
3.475673939280000124e-01 -5.947094175620000200e-01
7.449664118550000103e-01 -4.780383807210000086e-02
-2.862116426599999874e-01 3.881688686919999853e-02
-2.670482057060000192e-01 -1.882594286969999919e-01
6.630346789050000078e-01 -5.000155754209999887e-02
6.719733749849999827e-01 -9.424947745129999555e-02
-5.693003687640000088e+00 -1.572806624530000086e+00
1.342827742889999953e+00 -5.135893295869999875e+00
1.646731527300000053e+00 -5.979580728610000007e-01
5.688665264129999510e-01 -8.245378538579999431e-03
-3.321362698710000200e-02 6.689590501259999600e-02
5.866782115080000290e-03 1.159024831730000038e-01
6.385560313489999640e-01 -8.326678395509999608e-02
1.671361453039999986e-02 4.885554102530000053e-02
8.112192216279999757e-01 -2.742983172630000244e-01
4.086901055520000270e-01 -4.670844171139999779e-02
2.319317368069999819e-03 -7.063892979970000374e-02
1.627801453920000030e-01 2.869566938879999918e-01
3.189435101390000055e-02 -7.583801314650000236e-02
5.376116047210000026e-02 5.214767041969999711e-02
-5.073562814100000123e-02 -6.682488027319999357e-02
4.725992265110000035e-01 1.075528791520000027e+00
5.685495390110000269e-01 4.311446349209999834e-02
5.540111607389999748e-02 8.046963788319999589e-02
7.707484315670000141e-01 -1.013255724229999988e-01
6.030730547689999721e-01 3.977606382429999671e-02
2.311813100869999915e-01 8.882742568410000039e-02
-1.744810497060000021e+00 -5.307785927360000322e-01
4.033042582029999767e-01 4.541382091669999843e-01
2.230268801489999897e-01 -6.031944828000000008e-02
-9.365452590829999313e-02 -8.975914903470000317e-02
1.100839152549999977e-01 2.287225582640000088e-01
-1.479851716119999994e+00 -1.103058072100000064e+00
-8.685017839380000659e-02 -5.207940941780000305e-02
-1.207390643540000030e-01 9.675258945280000578e-02
-1.325015320589999934e+00 2.310614199669999813e+00
3.948108210259999862e-02 2.035244476570000072e-02
-8.033236678649999796e-01 -1.363012516169999966e+00
6.444469154230000330e-01 6.615821351700000574e-02
2.839323119230000025e-01 -5.733010519250000131e-02
3.879084261560000191e-01 -8.973124144180000261e-02
-1.023049979040000057e+00 2.527091012650000135e-01
-4.159820122019999844e-02 3.522185618680000185e-02
-6.708047527699999568e-01 8.576915421280000285e-01
-1.179970633369999966e-01 2.887816260969999771e-01
3.374963893769999945e-01 1.648919103129999897e-01
2.706864392790000018e+00 -6.481948410319999798e-01
2.313400000339999908e-03 -2.744117634779999829e-02
-8.909560100019999762e-01 -6.911374351879999711e-01
7.384981111309999943e-03 -6.154679211470000244e-02
2.673718739230000058e-02 6.209607683550000257e-03
3.325446241740000197e-02 1.393945751109999971e-02
2.971505821970000238e-01 2.475280745450000042e-01
6.083666486159999831e-01 -9.408112441150000282e-02
7.460117424989999968e+00 6.793416238099999838e+00
5.061927794720000318e-02 2.446381977500000082e-01
-1.655869755159999988e-03 -8.054745094640000658e-02
8.595387107170000540e-01 -1.118913855019999931e-01
4.126133903910000206e-02 7.334028390710000123e-01
6.008073946199999904e-01 1.586110854139999998e-02
-2.355893799010000053e-02 1.564123560119999867e-01
1.298153171610000045e-01 -1.540704909410000045e-01
-4.687862811490000059e-01 -7.604553327590000134e-01
-1.422468175940000135e-01 4.984226077679999867e-02
1.244601028389999940e-02 4.634756499810000104e-03
5.804911344040000198e-01 9.965834807720000410e-02
2.747975347250000144e-01 1.747163738920000098e-01
1.215994101630000004e-02 1.602077323470000062e-03
-1.895754859340000043e-01 3.932588574629999889e-01
-4.403732450649999741e-01 -1.676204768379999932e-01
6.932990489129999823e-01 -2.502627365490000047e-02
-7.614458910709999764e-03 -5.771761154110000014e-02
2.197071661080000071e-01 2.204202485669999878e-01
6.189334510539999945e-01 1.718536549849999928e-01
2.057982655209999834e+01 -2.836865672009999884e+01
1.287501606970000045e+00 -1.715888551570000087e-01
1.208033252479999931e+00 4.023852071499999794e-01
2.460746081190000045e-01 -9.844312392339999995e-01
2.271287111760000171e-02 -4.819464493589999815e-02
4.277584851740000027e-01 -2.156164262380000016e-02
4.833919879179999768e-01 -1.317865916800000092e-01
9.313922250730000130e-01 7.810188673410000115e-01
-2.286569623180000066e-02 5.824446527129999857e-03
5.081538651379999966e-02 -4.357741364249999999e-02
-6.021175713899999948e-01 -4.831510355440000321e-02
-3.258483698780000282e+01 -1.601520587840000065e+00
-2.598437304270000137e-03 2.291013087450000096e-02
-1.906614451539999922e-01 8.061074933990000635e-02
3.337665432220000006e-01 -8.087565567330000371e-02
2.267985894010000170e+00 1.532749334799999967e-02
-1.289673178149999995e-02 -8.897393703820000166e-02
4.899666247489999904e-01 1.840289259770000116e-02
-1.062714539550000011e-02 -6.247285940530000053e-02
-6.648578822499999486e-02 -8.276076009900000530e-02
-1.291212237809999941e+00 -2.016357551389999850e-02
-2.149625825879999865e-03 -1.122210464709999939e-01
4.278490497560000216e-01 1.791225950900000039e-03
-7.705976540249999396e-02 -9.681824923479999401e-02
5.996355764520000520e-01 -7.306440386660000008e-02
-1.244250026320000008e-01 -1.526942411580000103e-01
-4.417247255489999830e-02 -7.849908184909999698e-02
5.593674381159999820e-01 -5.987581563439999671e-02
-1.275555078139999944e-02 -5.873275212330000133e-02
5.445782180889999768e-01 -4.595769479200000063e-02
4.479712426940000158e-01 -4.854000653130000065e-02
3.660001899629999889e-01 -4.111615884110000202e-02
-7.975991565930000329e-04 -5.411378168770000080e-02
-2.452269834480000008e-02 -9.785642749340000418e-03
-2.132587802319999781e+00 -1.350529594990000082e-01
6.953008941970000478e+01 2.710560018909999869e+01
-1.273400813189999939e-02 -2.061221286099999828e-03
5.682599326680000118e-01 -8.759377877809999824e-02
-1.103604838900000031e-02 -5.085150239979999848e-02
5.628176145540000203e-02 -3.286812275929999749e-02
-1.714841202659999828e-02 -5.581040203359999979e-02
5.033339385330000137e-01 -5.301935354690000268e-02
4.835151209979999809e-01 -5.383414598630000165e-03
6.304973044730000087e-01 -9.092596991809999418e-02
5.968690563299999807e-01 -3.074368879149999914e-02
-9.589626778630000459e-02 -7.167447151280000039e-02
5.012687862329999744e-01 -2.795909927920000107e-02
4.909195996540000051e-01 1.230936038479999925e-02
-1.644719292519999931e-01 -1.238865989610000024e-01
-2.109575006189999893e-02 -6.713104132059999340e-02
1.675004181270000059e-01 -5.679888608340000200e-02
-4.643694223070000265e-02 -1.033516966809999993e-01
5.110199931579999522e-01 -8.565392718599999788e-02
1.403862400960000090e-01 3.437654929709999863e+01
4.895069710100000138e-01 1.547755330959999995e-02
4.645259126469999944e-01 3.007772663539999992e-03
4.365967289550000130e-01 -9.570451222379999789e-02
-6.739734240740000160e-02 -7.169219121740000311e-02
6.534145033720000217e-01 -9.580532464950000660e-02
-2.689389811550000076e+01 -2.049466543280000153e+01
1.935767079550000103e-01 -1.115723777749999951e-01
-5.257043688859999730e-02 -6.050201509050000259e-02
-2.112650509929999906e-02 -7.637274780269999452e-02
5.396992448630000272e-01 8.014557218189999332e-03
-7.365931681769999871e-03 -6.986763367590000107e-02
-7.519217198989999740e-02 -1.153860727909999939e-01
-5.932859971050000181e-02 -9.328858979090000336e-02
-4.242946090440000151e-02 -8.887893564590000628e-02
-7.997723907489999728e-01 -2.890077391669999829e-02
-3.927258078729999741e-02 -6.880360259409999679e-02
-3.293222411510000197e-02 -6.998857120910000063e-02
-6.863863330050000433e-02 -5.780362829999999980e-02
-5.100281750430000344e-02 -7.362617798699999661e-02
1.698204917630000033e+00 -4.434623698210000270e-02
4.086243198449999725e-01 -1.914762723449999968e-03
