# n1, n2, eL, eR, fL, fR for each interior edge
# n1, n2 = two nodes that define the edge
# eL, eR = element on left/right as we walk from n1 to n2
# fL, fR = local edge numbers of this edge in each element
#           note: local edge f is opposite local node f
377 822 20 9 1 2
661 607 22 21 1 2
661 772 24 22 2 3
772 607 25 22 1 2
607 718 25 17 2 3
772 718 26 25 2 3
344 661 29 21 2 3
226 268 31 28 1 3
826 197 33 30 3 2
1041 226 35 34 1 2
226 677 35 31 2 3
1041 677 36 35 2 3
197 693 37 30 1 1
693 506 37 7 2 3
506 371 38 7 2 2
447 956 39 32 3 1
552 800 41 3 1 3
654 727 42 6 3 3
552 727 43 41 1 3
727 707 43 6 2 2
707 654 44 6 1 1
994 336 45 40 3 3
917 994 45 2 2 1
956 994 47 40 1 1
994 698 47 46 2 3
371 956 48 39 3 1
956 698 48 47 1 3
698 371 48 38 2 3
994 552 49 2 3 3
552 707 49 43 1 3
707 994 49 46 2 1
838 686 55 54 2 3
609 281 57 56 1 2
1111 281 58 57 1 2
838 537 61 53 3 2
537 817 61 51 1 3
817 838 61 54 2 1
598 609 62 56 2 3
558 1119 67 65 1 3
1121 1119 68 67 1 2
1119 569 68 66 2 3
1121 569 69 68 2 3
460 864 71 52 2 1
775 686 72 55 1 3
893 686 73 72 1 2
775 893 76 72 1 3
893 458 76 74 2 1
646 838 77 53 1 3
583 537 79 51 1 1
537 1005 79 78 2 3
947 412 83 82 2 3
741 214 85 84 1 2
381 460 87 52 2 2
720 478 96 94 1 3
1071 184 98 97 1 2
1071 913 99 95 2 1
913 720 100 95 1 3
635 493 101 13 3 3
443 708 102 11 3 3
1074 500 103 12 3 3
1074 777 105 104 2 3
1138 588 107 106 1 2
91 1138 108 106 1 3
443 189 114 102 1 2
189 451 114 113 2 3
451 298 115 113 1 2
781 470 116 5 3 3
443 451 120 114 2 3
740 298 121 115 1 2
879 183 122 118 3 1
183 727 122 42 1 1
470 879 123 5 3 2
781 398 124 117 3 3
398 879 124 118 1 2
879 781 124 5 2 1
1127 1029 127 126 2 3
567 927 131 129 2 1
544 765 132 119 2 3
765 722 133 119 1 2
722 411 133 130 2 3
738 544 137 136 2 3
940 886 139 138 1 2
594 1083 143 141 1 3
1014 913 145 99 3 3
635 1014 145 101 2 2
1014 493 146 101 1 1
493 289 146 109 2 2
289 1071 147 97 3 3
1071 1014 147 99 1 1
1014 289 147 146 2 3
913 794 149 100 1 3
650 478 150 96 2 2
809 235 153 152 1 2
235 319 156 152 2 1
1083 1092 157 141 1 2
1092 319 157 156 2 3
1083 319 158 157 1 3
809 877 159 148 3 2
319 809 159 152 2 3
231 1132 160 142 1 2
1092 288 161 155 3 2
795 369 165 164 1 2
1125 369 166 165 1 2
799 1056 172 171 1 2
1056 1058 172 170 2 3
1058 538 173 170 1 2
1058 1081 174 173 2 3
539 799 175 168 1 2
854 777 177 176 2 3
184 289 178 97 1 1
289 588 178 107 2 2
1061 1138 179 108 3 2
1138 289 179 107 1 3
289 1061 179 109 2 1
184 588 180 178 1 3
440 720 181 94 1 1
720 1071 181 95 2 2
89 1048 182 92 3 1
1048 184 182 98 1 2
184 89 182 180 2 3
518 440 183 151 3 2
1048 518 183 92 2 3
1067 518 185 151 1 3
969 980 192 190 1 3
969 614 193 192 2 3
779 883 195 194 2 3
883 832 197 196 2 3
676 580 199 186 2 3
580 405 200 186 1 2
1016 405 201 200 1 2
405 86 201 184 2 2
831 614 204 193 1 3
225 985 205 203 2 1
779 985 207 205 1 3
1035 887 208 188 2 2
831 887 209 204 3 3
887 1044 209 188 1 1
614 580 210 199 3 3
580 887 210 208 1 3
887 614 210 204 2 2
360 759 211 189 3 3
759 969 211 190 1 1
405 676 212 186 2 1
980 676 213 191 3 3
676 614 213 199 1 1
614 980 213 192 2 2
570 676 214 212 1 3
676 328 214 191 2 2
207 985 217 207 1 2
985 1079 217 206 2 3
1044 1079 218 202 3 2
1079 831 218 206 1 2
831 1044 218 209 2 2
207 1079 219 217 1 3
1044 1035 224 188 3 3
580 1016 225 200 3 3
1016 1035 225 223 1 3
1035 580 225 208 2 1
181 779 226 194 3 1
779 207 226 207 1 3
207 181 226 215 2 1
650 794 227 154 3 3
794 720 227 100 1 2
720 650 227 96 2 3
913 641 228 149 3 3
641 635 228 144 1 3
635 913 228 145 2 1
622 809 229 148 3 3
809 650 229 154 1 1
641 794 230 149 1 2
189 641 231 144 1 1
309 886 232 139 2 2
809 701 233 153 3 3
701 794 233 230 1 2
794 809 233 154 2 2
628 328 234 187 3 3
252 628 234 93 2 2
650 628 235 150 3 1
628 622 235 93 1 1
622 650 235 229 2 2
1067 570 236 185 3 3
570 328 236 214 1 3
328 1067 236 187 2 2
1067 628 237 187 1 1
628 478 237 150 2 3
478 440 238 94 3 2
440 1067 238 151 1 1
1067 478 238 237 2 3
570 518 239 185 2 2
570 660 240 239 3 1
660 405 240 184 1 3
405 570 240 212 2 1
660 518 241 239 2 3
940 1123 242 140 1 1
940 1012 244 242 1 3
319 877 245 159 3 1
940 309 246 139 3 3
642 940 246 140 2 2
886 877 247 138 1 1
877 622 247 148 2 1
622 252 248 93 3 3
252 886 248 232 1 3
886 622 248 247 2 3
759 309 249 189 3 2
309 252 249 232 1 1
759 252 250 249 1 2
252 328 250 234 2 1
225 696 251 198 3 3
1073 642 253 252 1 2
642 309 253 246 2 1
225 1073 254 251 1 2
231 596 255 160 1 3
319 899 256 245 3 2
899 596 256 255 1 2
596 319 256 158 2 2
877 940 257 138 3 3
940 899 257 244 1 3
899 877 257 245 2 1
845 1055 262 260 1 3
1055 519 262 243 2 3
1125 117 264 167 3 1
1055 1012 265 261 3 3
366 1055 265 243 2 1
1118 1011 266 259 1 2
1011 568 267 259 1 1
1068 568 268 267 1 2
1124 568 269 268 1 2
1011 1068 270 267 2 3
1082 543 271 263 3 1
1082 891 273 272 2 3
568 1118 274 259 2 3
1118 31 275 266 1 3
1118 945 276 275 2 3
566 366 278 277 1 2
1012 1123 279 242 3 2
1123 366 279 278 1 2
366 1012 279 265 2 1
642 566 280 252 3 1
566 1123 280 278 1 3
1123 642 280 140 2 3
231 899 281 255 3 3
899 1012 281 244 1 2
1012 231 281 261 2 2
309 360 282 189 3 1
360 1073 282 254 1 2
1073 309 282 253 2 3
832 175 284 196 1 2
175 976 284 283 2 3
546 991 285 220 3 3
991 247 285 222 1 1
907 991 286 222 2 2
782 883 287 195 1 3
883 881 287 197 2 1
991 881 288 221 3 3
881 832 288 197 1 3
832 991 288 286 2 3
696 1028 289 258 2 3
1028 881 290 258 1 2
881 705 290 221 2 2
1028 705 291 290 2 3
1073 696 292 251 3 1
696 566 292 289 1 1
566 1073 292 252 2 3
883 181 293 194 3 2
181 175 293 216 1 3
175 883 293 196 2 1
225 779 294 205 3 1
779 782 294 195 1 1
782 225 294 198 2 1
980 759 295 190 3 2
759 328 295 250 1 3
328 980 295 191 2 1
985 969 296 203 3 3
969 831 296 193 1 1
831 985 296 206 2 1
225 360 297 254 3 3
360 969 297 211 1 2
969 225 297 203 2 2
1068 1124 298 268 3 3
833 1113 301 299 1 3
891 860 302 272 3 2
1124 891 302 269 2 3
845 891 303 273 3 3
891 568 303 269 1 2
568 845 303 274 2 1
845 519 304 262 3 3
519 1082 304 263 1 2
1082 845 304 273 2 1
1028 1037 305 291 1 1
1037 543 305 271 2 1
366 543 306 277 3 1
543 519 306 263 1 3
519 366 306 243 2 2
833 860 307 301 1 3
1082 1037 308 271 3 2
1037 860 308 307 1 2
860 1082 308 272 2 1
1037 705 309 291 2 3
21 833 310 299 1 1
1124 860 312 302 3 1
860 1113 312 301 1 2
1113 1124 312 300 2 3
881 696 313 258 3 1
696 782 313 198 1 2
782 881 313 287 2 3
833 1037 314 307 3 3
1037 488 314 309 1 1
488 833 314 310 2 2
543 566 315 277 3 3
566 1028 315 289 1 3
1028 543 315 305 2 3
991 1034 317 220 3 2
424 1034 318 316 1 3
1034 546 318 220 2 1
705 991 319 221 3 1
991 488 319 317 1 2
488 705 319 309 2 3
546 247 320 285 2 2
717 1105 322 321 1 3
737 355 324 311 1 1
737 487 325 324 2 3
976 194 326 283 3 2
976 188 327 326 1 2
907 832 328 286 3 1
832 976 328 284 1 3
188 194 329 326 2 1
907 976 330 328 1 2
976 919 330 327 2 3
18 919 331 323 3 1
919 188 331 327 1 2
737 247 332 325 3 1
919 737 332 323 2 3
175 80 333 216 3 2
194 175 333 283 2 1
424 546 334 318 1 3
1105 414 336 321 1 2
717 15 338 322 2 3
488 1034 339 317 3 1
424 269 341 334 2 3
514 986 343 337 3 3
787 284 344 335 3 1
414 717 345 321 1 1
284 792 346 335 3 3
792 717 346 345 1 2
792 787 347 335 2 2
546 449 348 320 3 1
269 546 348 334 2 2
487 355 349 324 3 2
355 414 349 336 1 2
247 487 350 325 3 3
449 247 350 320 2 3
247 907 351 222 3 3
907 919 351 330 1 3
919 247 351 332 2 1
1105 355 352 336 2 3
424 602 353 341 2 1
787 269 354 342 3 3
269 449 354 348 1 1
449 787 354 347 2 3
414 792 355 345 3 3
792 449 355 347 1 1
618 787 356 342 1 1
787 310 356 344 2 2
717 986 358 338 3 1
986 284 358 337 1 2
284 717 358 346 2 2
967 293 361 360 2 3
602 269 362 341 1 3
269 618 362 342 2 2
618 310 363 356 1 3
290 602 364 340 3 3
602 618 364 362 1 3
487 414 365 349 3 2
414 449 365 355 1 2
449 487 365 350 2 1
293 514 366 360 3 2
514 14 366 343 1 2
212 439 369 367 1 3
788 332 372 371 2 3
766 310 373 363 3 2
310 284 373 344 1 1
514 766 374 357 3 2
766 284 374 373 1 2
284 514 374 337 2 1
461 742 375 368 3 3
766 461 375 357 2 1
967 461 376 359 3 2
461 514 376 357 1 3
514 967 376 360 2 1
644 967 377 359 1 3
967 915 377 361 2 1
915 293 378 361 1 3
314 915 379 370 1 3
915 888 381 370 3 2
644 915 381 377 2 3
173 888 382 380 1 3
888 314 382 370 2 1
766 742 384 375 3 1
618 766 384 363 2 3
439 742 385 383 1 3
742 714 385 368 2 2
714 461 386 368 1 1
461 644 386 359 2 1
644 888 387 381 3 1
888 714 387 380 1 2
714 644 387 386 2 3
290 439 388 383 2 1
788 240 389 372 1 1
240 332 391 372 2 3
981 193 395 393 3 2
981 216 396 395 1 2
704 981 397 393 1 3
704 241 398 392 3 2
193 704 398 393 2 1
594 1009 399 162 3 1
1009 1092 399 155 1 3
1092 594 399 141 2 1
496 1018 402 400 1 3
795 799 403 175 3 2
799 1058 403 172 1 3
1058 795 403 174 2 1
1066 1139 404 112 3 2
1139 760 404 169 1 3
1022 354 406 405 1 2
1137 354 407 406 1 2
235 1092 408 156 3 1
1092 1137 408 161 1 2
1137 235 408 407 2 3
255 507 410 409 1 3
386 795 411 164 1 3
795 1081 411 174 2 3
1081 538 412 173 1 2
538 1077 412 163 2 3
386 1081 413 411 1 3
1081 1077 413 412 2 3
1077 1064 414 163 1 2
1064 288 414 401 2 3
1009 386 415 162 3 3
386 1077 415 413 1 3
1066 760 416 404 3 2
1066 496 417 416 1 2
496 1064 417 402 2 3
538 1056 418 170 3 1
1056 1139 418 111 1 3
1139 538 418 112 2 1
507 1022 419 409 3 2
1022 1137 419 406 1 3
1064 1018 420 402 3 2
1018 507 420 410 1 2
507 1064 420 401 2 1
1009 1077 421 415 3 2
1077 288 421 414 1 3
288 1009 421 155 2 1
538 1066 422 112 3 3
1066 1064 422 417 1 3
1064 538 422 163 2 1
1100 215 425 424 1 2
1049 1046 428 427 1 2
685 1049 431 427 1 3
1049 611 431 429 2 1
932 1100 432 426 3 2
1100 418 432 425 1 3
454 600 433 430 2 2
285 559 435 434 1 2
559 600 435 433 2 3
904 454 436 430 1 3
756 983 440 438 1 3
1104 231 443 142 3 3
231 1055 443 261 1 1
1055 1104 443 260 2 2
1118 1104 444 276 3 1
1104 845 444 260 1 1
845 1118 444 274 2 3
945 1125 445 167 3 2
1104 945 445 276 2 3
1083 596 446 158 1 3
596 1132 446 160 2 2
1125 1132 447 166 3 3
1132 1104 447 142 1 1
1104 1125 447 445 2 1
369 1083 448 143 3 2
1083 1132 448 446 1 3
1132 369 448 166 2 2
539 795 449 175 3 3
795 1125 449 165 1 3
1125 539 449 264 2 2
386 594 450 162 3 2
594 369 450 143 1 3
369 386 450 164 2 1
611 904 451 429 1 3
904 536 451 436 2 3
1048 440 452 183 3 1
440 1071 452 181 1 3
1071 1048 452 98 2 3
822 522 453 9 3 1
46 761 454 16 2 3
607 344 455 21 3 1
344 822 455 20 1 2
268 377 456 28 3 2
377 344 456 20 1 3
377 226 458 28 2 1
522 292 459 457 2 1
826 502 460 33 3 2
502 292 460 81 1 1
432 226 461 458 2 3
226 693 462 34 3 1
693 826 462 30 1 3
826 226 462 461 2 3
522 549 463 459 2 1
947 549 464 83 3 1
549 292 464 459 1 3
292 947 464 81 2 3
549 412 465 83 2 3
489 871 467 15 2 1
760 871 468 90 3 1
871 383 468 15 1 3
383 760 468 91 2 3
910 709 472 471 2 3
816 541 474 14 3 2
541 592 474 473 1 3
535 489 475 466 2 1
489 688 476 467 3 1
541 865 478 14 2 1
578 1109 479 477 1 3
646 497 480 63 3 1
497 537 480 78 1 1
537 646 480 53 2 1
1003 631 481 60 3 2
631 497 481 64 1 1
497 1003 481 63 2 3
1003 646 482 63 1 2
1141 1003 484 60 1 3
1003 804 484 482 2 3
804 609 485 62 3 3
1141 804 485 484 2 3
598 804 486 62 3 1
804 646 486 482 1 2
646 598 486 77 2 3
203 1141 487 483 1 3
1141 609 487 485 2 1
1084 558 488 65 3 1
497 1084 488 64 2 3
1084 631 489 64 1 2
382 1119 490 66 3 1
1119 1084 490 65 1 2
1084 382 490 489 2 3
412 490 492 82 1 2
490 392 492 80 2 3
1141 382 493 483 3 2
382 631 493 489 1 2
631 1141 493 60 2 1
858 214 494 85 3 2
741 858 496 85 1 3
215 1093 498 424 3 1
1000 1093 499 497 1 3
536 454 501 436 1 2
454 1000 501 497 2 1
1000 828 502 499 1 3
536 1000 503 501 1 3
1000 605 503 502 2 3
536 605 505 503 3 3
1093 454 506 497 3 2
454 559 506 433 1 1
559 1093 506 498 2 1
932 418 508 432 3 2
828 932 509 426 3 3
932 1102 509 508 1 2
828 1093 510 499 3 2
1093 1100 510 424 1 3
1100 828 510 426 2 1
278 605 513 504 2 3
896 982 514 512 1 3
982 678 514 500 2 2
1040 1042 517 515 1 3
896 678 520 514 1 3
678 1040 520 515 2 1
896 1040 521 520 2 3
507 1137 523 419 3 2
1137 288 523 161 1 1
288 507 523 401 2 2
1006 196 524 439 2 2
235 354 525 407 1 2
354 327 525 507 2 2
611 536 526 451 3 3
536 327 526 505 1 2
1006 685 527 524 3 1
685 611 527 431 1 3
1135 1006 529 439 1 3
354 1101 530 528 3 1
1101 1006 530 529 1 2
1006 354 530 507 2 3
1101 198 531 528 2 3
904 1049 532 429 3 2
600 904 532 430 2 1
327 1006 533 507 3 1
1006 611 533 527 1 2
611 327 533 526 2 2
1049 481 534 428 3 3
481 600 534 437 1 2
600 1049 534 532 2 1
1046 685 535 427 1 1
685 196 535 524 2 3
1046 196 536 535 2 3
298 189 537 113 1 1
189 526 537 231 2 3
526 739 538 8 2 3
739 701 539 8 1 2
701 235 539 153 2 2
605 445 540 504 3 2
445 739 540 538 1 3
278 396 541 495 3 2
445 278 541 504 2 1
760 1097 543 91 3 2
1097 496 543 400 1 1
496 760 543 416 2 1
977 1097 544 542 1 3
1097 383 544 91 2 1
688 871 545 467 1 3
977 383 548 544 3 3
1007 977 548 547 2 3
610 629 555 554 1 2
850 510 562 561 2 3
338 373 564 559 3 3
719 232 567 566 1 2
719 343 570 568 3 1
343 296 570 569 1 2
296 719 570 566 2 3
182 885 573 571 1 3
296 243 575 569 3 1
243 276 575 574 1 2
276 296 575 565 2 3
689 275 576 560 3 1
276 689 576 574 2 1
689 243 577 574 1 3
957 689 578 560 1 2
420 689 579 578 1 2
689 671 579 577 2 3
510 962 581 561 3 2
957 420 582 578 3 3
275 957 583 560 3 3
957 996 585 582 3 2
561 996 586 584 1 3
1126 233 589 588 2 3
182 209 590 573 1 3
209 719 590 568 2 2
467 819 593 591 1 3
534 664 596 594 2 1
1098 534 597 594 1 2
657 870 602 601 2 1
687 172 604 603 2 3
347 908 608 605 3 2
908 442 608 607 1 2
908 307 609 605 2 1
908 821 611 609 3 1
307 347 614 605 2 3
902 709 615 550 3 3
417 902 615 551 2 2
756 910 616 470 3 3
910 716 616 472 1 1
964 481 617 437 3 3
964 199 618 441 1 1
199 648 618 442 2 2
964 648 619 618 2 3
578 324 622 479 3 3
324 1004 622 620 1 3
1004 578 622 621 2 3
856 819 623 593 3 2
819 578 623 477 1 1
578 856 623 592 2 1
467 856 624 593 1 3
856 534 624 597 2 2
819 694 625 591 3 2
1109 819 625 477 2 2
304 331 626 612 2 3
365 535 627 546 1 1
816 592 628 474 3 2
592 535 628 627 1 2
535 816 628 475 2 1
318 964 629 441 1 2
964 716 629 617 2 2
756 716 630 616 3 2
716 481 630 617 1 1
481 756 630 438 2 1
1046 983 631 536 3 1
983 481 631 438 1 2
481 1046 631 428 2 2
365 592 632 627 3 3
592 756 632 470 1 1
756 365 632 440 2 3
709 318 633 550 3 2
318 716 633 629 1 3
716 709 633 472 2 3
613 372 634 469 3 2
372 910 634 471 1 1
372 417 635 613 3 3
417 709 635 615 1 1
709 372 635 471 2 2
1007 535 636 466 1 2
535 1131 636 546 2 3
620 1007 638 547 3 1
1007 1131 638 636 1 3
1131 620 638 637 2 3
324 1109 639 479 1 2
1109 865 639 478 2 3
489 865 640 476 3 2
865 816 640 14 1 3
816 489 640 475 2 3
865 688 641 476 2 1
694 467 642 591 3 1
613 541 643 473 2 1
541 1109 644 478 3 1
1109 694 644 625 1 1
694 541 644 643 2 3
417 331 645 613 1 2
592 613 646 473 3 2
613 910 646 634 1 2
910 592 646 470 2 2
198 354 647 528 1 2
354 1069 647 405 2 1
255 1069 648 423 3 2
1069 1022 648 405 1 3
1022 255 648 409 2 1
198 1069 649 647 1 3
1069 620 649 423 2 1
365 983 650 440 2 2
1135 1101 651 529 3 3
1101 616 651 531 1 1
1135 616 652 651 1 2
616 983 652 650 2 3
983 196 653 536 3 3
196 1135 653 439 1 1
1135 983 653 652 2 3
1098 856 654 597 3 3
388 467 655 642 3 1
304 388 655 626 2 1
388 613 656 469 3 3
613 694 656 643 1 1
694 388 656 642 2 2
600 964 658 437 3 1
964 285 658 619 1 1
285 600 658 435 2 3
591 416 659 553 3 2
416 648 659 657 1 3
648 591 659 442 2 1
416 786 661 553 2 1
786 591 662 553 1 3
199 979 663 660 3 1
979 591 663 662 1 2
591 199 663 442 2 3
380 786 665 661 1 3
1116 783 667 666 1 2
783 551 667 50 2 2
896 749 668 521 3 1
348 303 669 89 3 1
800 303 670 669 3 1
470 800 670 123 2 2
206 348 671 4 3 1
348 800 671 669 1 2
800 206 671 3 2 2
353 206 672 4 1 2
1095 733 675 674 2 3
997 619 678 676 3 1
329 997 680 676 1 2
997 745 680 679 2 3
353 329 682 672 3 3
329 745 682 680 1 3
619 329 683 676 2 3
810 1095 685 673 1 3
1095 869 685 675 2 1
348 353 687 4 3 3
745 615 688 679 3 2
615 810 688 681 1 1
727 800 691 41 3 2
800 879 691 123 1 1
879 727 691 122 2 2
302 470 692 689 3 2
470 303 692 670 1 1
621 451 693 120 3 3
451 781 693 117 1 1
781 621 693 116 2 2
621 470 694 116 1 1
470 375 694 689 2 1
375 765 695 132 3 3
765 984 695 134 1 1
183 398 696 118 2 3
526 445 697 538 3 1
298 526 697 537 2 3
708 635 698 13 3 1
635 189 698 144 1 2
189 708 698 102 2 1
327 605 699 505 1 1
605 739 699 540 2 2
641 701 700 230 3 3
701 526 700 8 1 1
526 641 700 231 2 2
235 327 701 525 3 3
327 739 701 699 1 3
739 235 701 539 2 3
740 214 702 494 3 1
214 398 702 696 1 3
451 740 703 115 3 3
740 398 703 702 1 2
398 451 703 117 2 2
858 740 704 494 1 2
740 396 704 121 2 3
445 396 705 541 3 1
396 298 705 121 1 2
298 445 705 697 2 1
905 278 706 495 2 3
402 749 707 518 1 2
749 1040 707 521 2 3
1042 678 708 515 1 2
828 1102 709 509 3 2
1102 678 709 708 1 2
678 828 709 500 2 1
418 1042 710 516 3 1
1042 1102 710 708 1 3
1102 418 710 508 2 1
208 402 711 519 3 1
402 1040 711 707 1 3
1040 208 711 517 2 3
893 918 713 73 3 3
783 419 714 666 3 1
783 918 715 714 1 2
918 686 715 73 2 2
905 551 716 706 3 1
551 864 716 50 1 1
381 858 717 496 2 2
858 396 718 704 3 3
396 905 718 495 1 1
905 858 718 717 2 3
982 605 719 513 3 3
605 828 719 502 1 2
828 982 719 500 2 3
1116 513 720 522 3 1
419 1116 720 666 2 3
749 823 721 518 2 1
513 270 725 522 3 3
513 283 726 725 1 2
806 575 727 723 3 3
575 283 727 726 1 2
283 806 727 724 2 2
575 531 729 723 2 2
1126 843 730 587 1 2
843 531 730 729 2 3
820 773 731 722 3 2
773 416 731 657 1 1
803 820 733 722 1 3
803 806 734 733 1 3
806 823 734 724 2 1
270 823 735 721 3 3
823 283 735 724 1 3
283 270 735 725 2 1
402 803 736 519 3 3
803 823 736 734 1 3
823 402 736 518 2 3
773 803 737 722 1 1
803 208 737 519 2 2
482 1126 738 588 3 1
1126 531 738 730 1 3
419 513 739 720 1 1
513 222 739 728 2 1
419 222 740 739 2 3
391 438 741 563 2 3
338 438 742 741 2 3
438 238 743 563 1 2
380 438 744 742 1 3
648 773 745 657 1 2
1032 1027 746 511 3 3
1027 773 746 745 1 2
215 559 747 498 3 2
559 1027 747 434 1 1
1027 215 747 511 2 2
1027 285 748 434 3 3
285 648 748 619 1 3
648 1027 748 745 2 3
786 979 749 662 3 3
979 629 749 664 1 1
286 389 750 75 1 2
337 389 751 750 1 2
1045 389 752 751 1 2
389 918 752 713 2 1
248 1045 753 712 1 3
1045 918 753 752 2 3
483 1126 754 587 1 3
1045 1059 755 712 3 2
337 1045 755 751 2 3
1059 248 756 712 2 1
1002 248 757 756 3 3
419 1002 757 740 2 1
1002 222 758 740 1 3
1059 1002 759 756 1 1
1002 483 759 758 2 3
843 483 760 587 3 1
483 222 760 758 1 2
222 843 760 728 2 3
483 1136 762 754 3 3
1059 483 762 759 2 3
1126 1052 763 589 3 1
1052 1136 763 761 1 3
1136 1126 763 754 2 2
583 1005 764 79 2 3
558 1005 765 70 3 1
1005 497 765 78 1 2
497 558 765 488 2 1
444 490 766 80 3 1
490 1005 766 764 1 3
1005 444 766 70 2 3
721 460 767 87 1 3
281 598 768 56 1 1
281 1129 769 768 2 3
1129 598 770 768 1 2
598 838 770 77 2 2
838 775 771 55 3 1
775 1129 771 769 1 3
1129 838 771 770 2 3
893 389 772 713 3 2
389 776 772 75 1 1
776 893 772 74 2 2
918 419 773 714 3 1
419 248 773 757 1 1
248 918 773 753 2 3
864 783 774 50 3 3
783 686 774 715 1 3
817 864 775 71 3 3
864 686 775 774 1 2
686 817 775 54 2 2
381 905 776 717 3 1
905 864 776 716 1 2
864 381 776 52 2 3
1116 749 777 668 3 1
749 270 777 721 1 1
270 1116 777 522 2 2
551 896 778 512 3 1
896 1116 778 668 1 2
1116 551 778 667 2 3
551 278 779 706 3 3
278 982 779 513 1 1
982 551 779 512 2 2
458 776 780 74 1 3
776 286 780 75 2 3
1136 286 781 761 1 2
286 337 781 750 2 3
1111 262 782 59 3 1
609 1111 782 57 2 3
286 1052 783 761 3 1
458 286 783 780 2 3
707 768 785 44 3 3
698 707 785 46 2 2
381 721 786 87 3 1
721 741 786 86 1 2
741 381 786 496 2 3
506 698 787 38 1 1
698 768 787 785 2 1
741 912 788 86 3 1
654 741 788 84 2 3
197 506 789 37 3 3
506 768 789 787 1 3
768 197 789 88 2 1
664 1098 790 594 3 3
1098 352 790 595 1 1
347 172 791 604 1 3
172 384 791 606 2 1
951 629 793 555 3 2
263 951 793 556 2 1
318 902 794 550 1 1
695 417 795 551 3 3
417 307 795 645 1 3
307 695 795 614 2 1
557 695 796 549 3 1
384 557 796 792 2 3
923 199 797 660 3 2
199 318 797 441 1 3
318 923 797 794 2 3
695 923 798 549 3 3
923 902 798 794 1 2
902 695 798 551 2 1
557 979 799 664 3 2
979 923 799 660 1 3
923 557 799 549 2 2
384 695 800 796 3 1
695 347 800 614 1 3
347 384 800 791 2 3
331 821 801 612 3 2
821 307 801 609 1 3
307 331 801 645 2 2
312 223 802 599 1 1
908 862 803 611 3 2
862 223 803 802 1 2
223 908 803 607 2 3
821 304 804 612 3 1
304 862 804 610 1 3
862 821 804 611 2 1
730 304 805 610 1 1
304 664 805 596 2 3
664 352 806 790 3 2
352 730 806 598 1 2
730 664 806 805 2 3
467 534 807 624 3 3
534 304 807 596 1 1
304 467 807 655 2 1
862 730 809 610 3 2
312 862 809 802 2 3
730 472 810 598 3 1
312 730 810 809 2 1
472 352 811 598 2 3
780 474 813 808 1 3
505 657 815 601 3 2
474 1076 816 808 3 2
505 1053 817 815 1 2
780 346 819 813 2 3
312 472 820 810 3 1
540 312 820 600 2 2
564 528 821 552 3 1
643 528 822 821 3 1
610 951 823 555 3 3
951 308 823 557 1 1
265 564 824 552 1 2
466 1057 827 825 1 3
528 265 828 552 2 3
667 265 829 828 2 3
265 250 830 824 1 3
250 172 830 606 2 2
564 643 832 821 3 2
308 564 832 557 2 3
249 643 833 831 1 3
643 435 833 822 2 2
829 590 835 826 3 2
1057 659 837 825 3 2
590 1057 837 826 2 1
746 670 839 838 1 2
491 873 843 841 1 3
873 242 843 834 2 1
346 474 845 813 1 2
474 457 845 812 2 3
457 427 846 844 2 3
560 212 848 847 1 3
212 173 848 369 2 3
1053 657 850 815 3 1
657 312 850 599 1 2
312 1053 850 600 2 1
1053 540 851 600 1 3
780 971 852 819 3 1
971 1053 852 817 1 2
1053 780 852 851 2 3
1076 780 853 808 3 1
780 540 853 851 1 2
472 1076 854 818 3 3
1076 540 854 853 1 2
540 472 854 820 2 1
282 971 855 814 1 1
971 346 855 819 2 3
704 218 856 397 3 3
625 704 856 394 2 2
714 173 857 380 3 1
173 439 857 369 1 2
439 714 857 385 2 3
13 788 858 371 3 1
788 915 858 379 1 2
915 13 858 378 2 3
282 346 859 855 1 3
753 240 860 389 2 2
240 374 863 391 3 1
374 452 863 390 1 2
452 240 863 860 2 3
374 332 864 391 1 3
452 805 865 861 3 2
625 218 866 856 3 1
218 452 866 861 1 3
452 625 866 390 2 1
77 625 867 394 3 3
625 374 867 390 1 3
495 746 868 838 1 3
746 769 868 840 2 2
229 687 869 603 2 1
495 769 870 868 1 3
223 657 871 599 3 3
657 442 871 602 1 1
442 223 871 607 2 1
1086 282 872 814 2 2
218 981 873 397 2 2
670 495 874 838 1 1
874 533 875 849 3 3
533 495 875 874 1 2
1086 874 876 872 3 1
874 495 876 875 1 2
1086 495 877 876 1 2
495 505 877 870 2 3
505 971 878 817 3 3
971 1086 878 814 1 3
1086 505 878 877 2 3
874 282 879 872 2 3
553 736 880 836 1 3
928 736 881 880 1 2
928 771 883 882 2 1
771 670 884 882 1 3
670 533 884 874 2 3
692 216 885 396 3 2
805 282 887 879 3 3
282 410 887 859 1 3
410 805 887 865 2 1
805 218 888 861 1 1
218 220 888 873 2 1
220 874 889 849 3 1
874 805 889 879 1 1
805 220 889 888 2 3
20 439 890 388 1 3
439 427 890 367 2 2
290 618 891 364 3 2
618 742 891 384 1 1
742 290 891 383 2 2
937 755 893 892 1 2
346 457 895 845 1 3
457 988 895 846 2 1
212 988 896 847 3 2
988 427 896 846 1 3
427 212 896 367 2 1
410 346 897 859 3 2
346 988 897 895 1 3
736 325 900 836 3 2
736 242 901 900 1 2
659 670 902 839 3 2
670 928 902 882 1 2
928 659 902 881 2 3
590 659 903 837 3 1
659 736 903 881 1 2
736 590 903 901 2 3
953 480 905 904 3 1
521 216 906 886 1 3
216 193 906 395 2 1
953 683 908 905 3 2
953 849 909 908 1 2
608 521 910 886 3 1
521 953 910 904 1 2
480 74 911 898 3 1
954 1070 915 913 1 3
1070 484 915 914 2 3
791 950 918 916 1 3
744 944 920 917 2 2
390 950 921 918 3 2
950 744 921 917 1 3
370 748 929 923 1 3
548 349 933 931 2 1
260 456 934 925 1 2
987 279 936 935 2 3
662 279 939 938 1 2
682 511 942 941 1 2
616 1131 944 637 3 1
1131 365 944 546 1 2
365 616 944 650 2 1
198 620 945 649 3 3
620 616 945 637 1 2
616 198 945 531 2 3
1007 383 946 548 3 1
383 489 946 15 1 2
489 1007 946 466 2 3
255 977 947 542 3 1
977 620 947 547 1 2
620 255 947 423 2 3
255 1018 948 410 3 3
1018 1097 948 400 1 2
1097 255 948 542 2 2
978 324 949 620 3 1
324 865 949 639 1 3
865 978 949 641 2 1
978 688 950 641 1 3
688 26 950 545 2 3
1004 978 951 620 1 2
388 331 952 626 3 3
331 372 952 613 1 1
372 388 952 469 2 1
197 912 953 88 2 3
654 912 954 788 3 1
912 768 954 88 1 2
768 654 954 44 2 2
721 690 955 767 3 3
690 912 955 953 1 3
912 721 955 86 2 3
690 460 956 767 1 2
690 583 957 956 2 3
947 502 958 81 3 2
502 583 958 957 1 3
292 432 959 457 3 3
432 826 959 461 1 1
826 292 959 460 2 2
549 291 961 465 3 1
379 549 961 463 2 3
583 460 962 956 3 2
460 817 962 71 1 1
817 583 962 51 2 2
947 583 963 958 3 2
583 490 963 764 1 1
490 947 963 82 2 1
502 197 964 33 3 1
197 690 964 953 1 1
690 502 964 957 2 1
291 412 966 465 2 3
463 1020 967 965 1 3
412 392 968 492 2 3
876 392 969 968 2 3
569 653 970 491 3 2
790 569 970 69 2 3
558 1121 971 67 3 3
444 558 971 70 2 2
920 251 972 960 3 3
653 920 973 491 3 1
382 203 974 483 3 1
203 920 974 960 1 1
876 501 975 969 2 1
379 291 979 961 3 1
943 379 979 978 2 3
522 377 981 9 3 3
377 432 981 458 1 1
432 522 981 457 2 2
1060 522 982 453 3 1
522 379 982 463 1 1
3 1060 983 980 3 1
1060 379 983 982 1 2
379 3 983 978 2 2
1060 1 984 980 2 3
1060 46 985 984 3 1
46 822 985 454 1 1
822 1060 985 453 2 2
612 920 988 973 1 1
920 966 988 972 2 2
509 966 989 987 3 1
926 509 989 976 2 1
612 966 990 988 1 3
966 793 990 987 2 3
612 793 991 990 1 3
920 569 992 491 3 3
569 382 992 66 1 2
382 920 992 974 2 2
653 612 993 973 1 2
501 392 994 969 3 3
814 501 995 975 3 3
501 612 995 993 1 2
612 814 995 991 2 3
463 876 997 967 3 3
876 814 997 975 1 1
814 463 997 996 2 3
444 1121 998 971 1 1
1121 790 998 69 2 1
501 790 999 994 3 2
790 653 999 970 1 1
653 501 999 993 2 3
392 444 1000 80 3 2
444 790 1000 998 1 3
790 392 1000 994 2 1
458 1052 1001 783 3 1
1111 458 1001 58 2 3
775 458 1002 76 3 3
458 281 1002 58 1 2
281 775 1002 769 2 1
1052 233 1003 589 3 3
1111 1052 1004 1001 3 1
1052 585 1004 1003 1 2
585 1111 1004 59 2 2
1136 337 1005 781 3 3
337 1059 1005 755 1 1
1059 1136 1005 762 2 1
482 238 1006 743 3 2
238 233 1006 784 1 3
233 482 1006 588 2 2
513 575 1007 726 3 3
575 843 1007 729 1 1
843 513 1007 728 2 2
208 1042 1008 517 1 2
1042 1032 1008 516 2 3
215 1032 1009 511 3 1
1032 418 1009 516 1 2
418 215 1009 425 2 2
773 208 1010 737 3 3
208 1032 1010 1008 1 3
1032 773 1010 746 2 2
764 820 1011 732 3 1
820 416 1011 731 1 2
531 806 1012 723 1 1
806 820 1012 733 2 2
585 233 1015 1003 3 1
3 943 1016 978 2 1
943 291 1017 979 1 1
943 712 1018 1017 2 3
1020 712 1019 965 3 2
712 291 1019 1017 1 2
291 1020 1019 966 2 1
943 409 1020 1018 2 1
480 521 1021 904 3 3
521 193 1021 906 1 3
249 435 1024 833 2 3
687 347 1027 604 3 1
347 442 1027 608 1 2
747 246 1030 1029 2 3
179 747 1031 1029 2 1
954 484 1032 915 2 3
959 802 1036 1035 1 2
959 626 1037 928 2 2
477 885 1040 572 3 1
999 477 1040 1038 2 3
916 645 1043 1026 3 3
573 182 1044 571 2 1
182 719 1045 590 3 3
719 725 1045 567 1 3
725 182 1045 1044 2 3
626 227 1046 1039 3 2
468 626 1046 1037 2 3
468 743 1047 926 3 1
743 959 1047 1035 1 3
959 468 1047 1037 2 1
729 626 1048 1039 1 3
626 499 1048 928 2 1
315 358 1050 919 3 2
315 469 1051 1050 1 2
259 935 1052 1049 3 1
935 469 1052 1051 1 2
935 630 1053 1049 2 3
975 1010 1054 1023 1 1
675 590 1055 835 3 1
590 242 1055 901 1 2
242 675 1055 834 2 3
675 873 1056 834 1 2
873 974 1056 842 2 3
974 656 1057 842 1 2
656 630 1057 1053 2 3
675 974 1058 1056 1 3
1010 827 1059 1023 3 3
811 1010 1059 1025 2 2
1010 630 1060 1025 1 1
630 259 1060 1049 2 2
259 645 1061 1043 3 1
645 1010 1061 1054 1 2
1010 259 1061 1060 2 3
528 667 1063 828 1 1
811 829 1064 1062 3 1
829 675 1064 835 1 2
675 811 1064 1058 2 3
435 528 1065 822 3 1
528 829 1065 1063 1 3
829 435 1065 1062 2 3
246 179 1066 1029 1 2
179 422 1066 922 2 3
935 656 1068 1053 2 1
811 974 1069 1058 3 2
974 630 1069 1057 1 3
630 811 1069 1025 2 3
797 315 1070 919 1 3
825 656 1071 1068 1 3
825 395 1072 1071 2 3
873 395 1073 841 3 2
395 656 1073 1071 1 2
656 873 1073 842 2 1
491 242 1074 843 1 3
242 325 1074 900 2 1
889 246 1075 912 3 1
246 422 1075 1066 1 3
325 751 1076 899 3 2
491 325 1076 1074 2 3
325 553 1077 836 3 1
813 325 1077 899 2 3
797 825 1078 1070 1 3
825 791 1078 1072 2 1
649 358 1079 1033 3 2
277 468 1080 1034 2 1
468 227 1081 1046 3 1
227 649 1081 1033 1 3
649 468 1081 1080 2 3
469 358 1082 1050 1 1
358 227 1082 1033 2 1
743 423 1083 926 3 3
423 468 1084 926 1 2
468 479 1084 1034 2 3
479 277 1085 1034 1 2
277 484 1085 1032 2 3
1070 744 1086 913 3 2
954 277 1087 1032 1 1
277 649 1087 1080 2 1
390 744 1088 921 3 2
744 954 1088 913 1 1
479 484 1090 1085 2 3
306 673 1091 932 3 2
673 963 1091 1089 1 3
963 306 1091 1067 2 3
349 464 1092 931 1 3
464 306 1092 932 2 3
349 306 1093 1092 3 3
556 456 1095 924 3 2
456 577 1095 925 1 1
205 987 1096 935 2 1
326 802 1097 1036 3 2
673 464 1098 932 3 1
464 548 1098 931 1 2
548 673 1098 930 2 3
673 542 1099 930 1 2
423 479 1100 1084 3 3
479 963 1100 1090 1 1
963 423 1100 1089 2 2
350 987 1101 1096 3 3
987 456 1101 934 1 2
387 808 1104 1102 1 3
963 484 1105 1090 1 3
456 542 1106 924 2 1
350 456 1107 1101 1 2
456 748 1107 1106 2 1
548 748 1108 929 3 2
748 542 1108 1106 1 3
542 548 1108 930 2 1
350 748 1109 1107 1 3
748 639 1109 923 2 2
639 370 1110 923 1 1
639 393 1113 1110 2 3
834 929 1114 1112 1 3
370 548 1116 929 1 3
548 532 1116 933 2 1
532 349 1117 933 1 3
532 494 1118 1094 2 1
393 494 1119 1118 1 3
529 734 1122 1120 1 3
713 929 1123 1114 3 2
713 527 1124 1123 1 2
834 713 1125 1114 1 3
228 406 1126 1115 1 2
406 834 1126 1112 2 1
639 929 1127 1113 3 1
929 406 1127 1112 1 2
406 639 1127 1111 2 2
834 316 1129 1125 2 3
911 316 1130 1129 2 3
429 387 1131 1102 3 1
623 903 1137 1134 1 1
903 515 1137 1136 2 3
393 370 1139 1110 3 2
370 532 1139 1116 1 3
532 393 1139 1118 2 1
906 429 1142 1103 3 2
12 906 1142 1140 2 1
210 906 1143 1141 3 2
906 582 1143 1140 1 3
970 906 1144 1103 1 3
362 623 1145 1134 1 2
527 494 1146 1119 1 2
387 633 1147 1104 3 3
633 494 1147 1146 1 2
494 387 1147 1138 2 3
515 431 1148 1136 3 2
245 680 1149 1121 2 2
808 515 1150 1132 3 1
515 633 1150 1148 1 2
633 808 1150 1104 2 2
970 359 1151 1144 3 3
359 623 1151 1133 1 1
515 970 1152 1132 3 3
970 623 1152 1151 1 2
623 515 1152 1137 2 3
808 429 1153 1102 3 2
429 970 1153 1103 1 1
970 808 1153 1132 2 2
968 529 1154 1120 3 1
713 968 1154 1124 2 3
968 527 1155 1124 1 2
527 633 1155 1146 2 3
680 734 1156 1121 3 1
734 968 1156 1120 1 2
431 680 1157 1149 3 3
633 431 1157 1148 2 1
762 210 1159 1141 3 3
762 201 1160 1159 1 2
1063 854 1163 176 3 1
854 1061 1163 110 1 2
1063 1061 1164 1163 1 2
1061 493 1164 109 2 3
777 1063 1165 176 1 2
1063 493 1165 1164 2 3
1074 708 1166 105 3 1
187 1074 1166 12 2 1
493 708 1167 13 3 2
708 777 1167 105 1 3
777 493 1167 1165 2 3
500 187 1168 12 2 2
1110 187 1170 1168 1 3
323 1110 1171 1169 1 3
500 1110 1172 1168 3 1
1110 97 1172 1169 1 2
323 264 1173 1171 2 3
187 708 1174 1166 1 1
708 984 1174 11 2 2
984 473 1175 134 3 3
187 984 1175 1174 2 3
984 443 1176 11 1 1
443 621 1176 120 2 1
621 375 1177 694 3 3
375 984 1177 695 1 2
984 621 1177 1176 2 3
264 1110 1178 1171 1 2
1110 1026 1178 1170 2 3
1026 187 1179 1170 1 2
187 473 1179 1175 2 1
411 394 1182 130 3 2
300 927 1183 131 2 3
927 450 1184 129 1 3
722 544 1185 119 3 1
927 722 1185 1184 2 3
302 544 1186 137 3 3
544 375 1186 132 1 1
375 302 1186 689 2 3
321 738 1187 135 1 3
738 302 1187 137 2 1
411 1047 1192 1182 1 2
1047 853 1192 1191 2 3
411 853 1193 1192 3 3
524 411 1193 1181 2 3
722 450 1195 1184 3 2
394 722 1195 130 2 1
473 765 1196 134 3 2
765 411 1196 133 1 3
411 473 1196 1181 2 2
544 421 1197 136 3 2
421 927 1197 1183 1 3
927 544 1197 1185 2 1
264 1026 1201 1178 1 3
1087 990 1202 1180 1 1
264 1087 1203 1201 2 3
758 750 1209 1208 2 3
867 750 1210 1209 2 3
340 684 1211 1204 1 3
517 1015 1212 1206 3 2
1015 684 1212 1211 1 2
684 517 1212 1207 2 1
340 1015 1213 1211 3 3
632 684 1214 1205 2 1
516 321 1217 135 3 1
453 632 1218 1205 3 2
738 516 1219 135 1 2
340 120 1221 1213 3 2
300 421 1222 1183 1 1
171 1024 1223 690 3 1
1024 421 1223 1222 1 2
361 703 1224 1215 3 2
1024 361 1224 690 2 3
778 1062 1225 1216 1 2
684 1108 1226 1204 3 2
1108 273 1226 1220 1 3
273 684 1226 1214 2 3
340 778 1227 1221 3 2
778 1108 1227 1225 1 3
1108 340 1227 1204 2 1
703 1062 1228 1215 2 1
1062 122 1229 1216 3 1
1112 1062 1229 1228 2 3
1062 361 1230 1215 3 3
361 1108 1230 1220 1 1
1108 1062 1230 1225 2 2
703 1112 1231 1228 1 1
1025 300 1232 125 3 1
300 1024 1232 1222 1 3
703 413 1233 1231 2 3
413 1127 1234 126 3 1
1127 1025 1234 125 1 2
1025 413 1234 1233 2 3
413 1112 1235 1231 3 2
1025 1024 1236 1232 3 2
1024 703 1236 1224 1 1
703 1025 1236 1233 2 1
1127 385 1237 127 3 1
385 567 1237 128 1 1
300 1127 1238 125 3 3
1127 567 1238 1237 1 2
567 300 1238 131 2 1
385 1029 1239 127 1 3
524 1087 1240 1180 1 2
1087 1026 1240 1201 2 2
385 126 1241 1239 1 3
397 1008 1242 1198 3 3
415 397 1242 10 2 1
921 403 1244 1243 1 2
890 1036 1246 1245 3 2
1008 565 1247 1198 3 2
545 1008 1247 1199 2 1
565 397 1248 1198 2 1
415 1008 1249 1242 1 1
1008 1094 1249 1200 2 1
345 394 1250 1190 1 1
394 450 1250 1195 2 1
273 361 1251 1220 3 2
361 171 1251 690 1 2
48 425 1252 1162 2 3
403 258 1254 1243 1 1
473 524 1256 1181 3 1
524 1026 1256 1240 1 3
1026 473 1256 1179 2 3
1094 345 1257 1200 3 3
345 450 1257 1250 1 3
567 1094 1258 128 3 3
1094 450 1258 1257 1 2
450 567 1258 129 2 2
385 415 1259 1241 3 3
415 1094 1259 1249 1 3
1094 385 1259 128 2 2
413 124 1260 1235 3 2
1029 413 1260 126 2 2
990 524 1261 1180 1 3
524 853 1261 1193 2 1
990 853 1262 1261 2 3
425 674 1263 1189 3 2
830 425 1263 1252 2 3
565 258 1264 1248 1 1
921 1036 1265 1246 3 1
1036 258 1265 1264 1 2
258 921 1265 1243 2 3
1036 846 1266 1245 2 1
846 830 1268 1267 2 3
1047 1115 1269 1194 2 2
545 846 1270 1266 2 3
846 844 1271 1268 3 1
844 1115 1271 1269 1 3
1115 846 1271 1270 2 3
1023 853 1272 1262 3 3
853 914 1272 1191 1 2
674 1023 1273 1189 3 1
1023 914 1273 1272 1 2
914 674 1273 1188 2 2
990 1023 1274 1262 1 1
1023 10 1274 1161 2 2
1036 545 1275 1266 3 1
545 565 1275 1247 1 1
565 1036 1275 1264 2 3
425 1051 1276 1162 3 2
1051 1023 1276 1161 1 3
1023 425 1276 1189 2 3
914 1047 1277 1191 3 1
1047 844 1277 1269 1 1
844 914 1277 1188 2 3
1117 345 1278 1190 3 2
345 1008 1278 1200 1 2
1008 1117 1278 1199 2 3
1115 1117 1279 1194 3 1
1117 545 1279 1199 1 2
545 1115 1279 1270 2 1
1047 394 1280 1182 3 1
394 1117 1280 1190 1 3
1117 1047 1280 1194 2 3
830 674 1281 1263 3 1
674 844 1281 1188 1 1
844 830 1281 1268 2 3
50 846 1282 1267 3 1
846 890 1282 1245 1 3
403 1103 1286 1254 3 3
1103 595 1286 1255 1 1
258 397 1287 1248 3 3
397 1103 1287 1253 1 3
1103 258 1287 1254 2 2
890 921 1288 1246 3 2
581 890 1288 1285 2 1
941 403 1290 1244 3 2
403 595 1290 1286 1 2
941 595 1291 1290 1 2
634 581 1292 1289 3 3
941 634 1292 1283 2 2
726 471 1294 1293 1 2
652 581 1297 1285 3 2
471 652 1297 1293 2 1
890 652 1298 1285 2 3
581 921 1300 1288 3 1
921 941 1300 1244 1 3
941 581 1300 1292 2 1
711 357 1303 1284 1 1
351 1031 1304 1296 3 1
1031 357 1304 1303 1 2
752 634 1306 1289 3 1
634 841 1306 1301 1 3
841 752 1306 1302 2 1
1031 752 1307 1305 3 1
752 711 1307 1302 1 3
711 1031 1307 1303 2 3
471 581 1308 1297 3 1
581 752 1308 1289 1 2
752 471 1308 1305 2 3
711 841 1309 1302 3 2
841 485 1309 1299 1 1
485 711 1309 1284 2 2
351 357 1310 1304 3 2
652 726 1313 1293 2 3
202 351 1316 1312 3 1
351 861 1316 1310 1 2
604 266 1317 1295 1 2
202 861 1319 1316 3 2
861 455 1319 1311 1 1
357 485 1320 1284 3 3
485 861 1320 1318 1 3
861 357 1320 1310 2 1
1065 1107 1323 1321 1 3
658 471 1324 1294 3 2
471 1031 1324 1305 1 2
1031 658 1324 1296 2 3
266 658 1325 1295 3 1
658 351 1325 1296 1 2
726 658 1326 1294 1 3
658 604 1326 1295 2 3
604 257 1327 1317 1 3
726 604 1328 1326 1 3
1038 202 1330 1312 2 2
202 455 1331 1319 3 2
455 1013 1331 1314 1 3
401 1013 1332 1315 2 2
933 448 1335 1329 3 2
448 1096 1335 1333 1 3
933 1096 1336 1335 1 2
210 1065 1337 1321 3 1
201 210 1337 1159 2 1
1065 266 1338 1323 2 3
1038 836 1339 1330 3 1
1065 1038 1340 1338 3 1
1038 933 1340 1339 1 2
933 1065 1340 1336 2 3
266 351 1341 1325 3 2
351 1038 1341 1312 1 3
1038 266 1341 1338 2 3
202 1013 1342 1331 3 2
1013 836 1342 1315 1 1
836 202 1342 1330 2 3
1065 1096 1343 1336 3 2
1096 201 1343 1334 1 3
201 1065 1343 1337 2 1
448 401 1344 1329 1 1
401 131 1344 1332 2 1
330 1096 1345 1334 1 1
1096 785 1345 1333 2 2
785 448 1346 1333 1 1
933 836 1347 1339 3 1
836 401 1347 1315 1 3
401 933 1347 1329 2 3
330 785 1348 1345 2 3
582 1107 1349 1322 3 1
1107 210 1349 1321 1 2
210 582 1349 1143 2 2
1107 257 1351 1322 3 3
257 266 1351 1317 1 2
266 1107 1351 1323 2 2
547 691 1352 1350 2 1
691 571 1354 1353 2 3
330 133 1356 1348 3 1
547 330 1356 1355 2 3
257 582 1359 1322 1 2
762 267 1360 1160 3 3
691 882 1361 1354 3 1
627 691 1361 1352 2 3
359 906 1362 1144 3 2
906 762 1362 1141 1 1
201 330 1363 1334 3 2
330 267 1363 1355 1 2
267 201 1363 1160 2 2
1106 213 1366 1365 1 2
213 426 1366 1358 2 2
492 1106 1367 1364 1 3
1106 426 1367 1366 2 3
1080 973 1370 1369 1 2
1080 317 1371 1370 2 3
239 973 1372 1368 2 1
903 299 1373 1135 3 2
431 903 1373 1136 2 1
299 818 1375 1135 1 1
818 239 1375 1368 2 2
376 245 1376 1158 3 3
245 431 1376 1149 1 1
1120 280 1379 1378 2 3
342 213 1380 1358 1 3
213 317 1380 1371 2 3
1080 213 1381 1371 1 1
359 762 1382 1362 2 2
547 627 1383 1352 3 1
627 267 1383 1360 1 1
267 547 1383 1355 2 1
219 359 1384 1133 1 2
359 882 1384 1382 2 1
627 882 1385 1361 3 1
882 762 1385 1382 1 3
762 627 1385 1360 2 2
219 882 1386 1384 1 3
882 571 1386 1354 2 3
492 426 1387 1367 3 3
571 492 1387 1357 2 3
219 571 1388 1386 1 3
571 426 1388 1387 2 1
219 426 1389 1388 1 3
426 342 1389 1358 2 1
973 818 1390 1368 3 3
818 317 1390 1374 1 3
317 973 1390 1370 2 2
342 623 1391 1145 3 2
623 219 1391 1133 1 3
219 342 1391 1389 2 3
317 362 1392 1374 3 2
362 342 1392 1145 1 3
342 317 1392 1380 2 3
299 376 1393 1377 3 1
376 431 1393 1376 1 2
431 299 1393 1373 2 1
299 239 1394 1375 1 3
362 818 1395 1374 3 1
818 903 1395 1135 1 3
903 362 1395 1134 2 3
261 662 1398 940 2 2
527 929 1399 1123 3 1
929 393 1399 1113 1 3
393 527 1399 1119 2 3
376 280 1400 1377 1 3
280 851 1400 1378 2 2
851 1120 1402 1378 1 1
1120 924 1402 1396 2 2
924 1072 1405 1403 2 3
459 995 1406 1401 1 3
299 1130 1407 1394 3 3
1130 280 1407 1397 1 3
280 299 1407 1377 2 2
1130 239 1408 1394 2 2
848 995 1409 1406 3 2
995 1072 1409 1405 1 3
995 408 1411 1401 3 2
898 995 1411 1404 2 3
892 316 1419 1130 3 3
681 550 1420 1414 3 1
550 668 1420 1128 1 1
668 681 1420 1417 2 1
681 446 1421 1417 1 3
824 757 1423 1418 2 1
333 681 1424 1414 1 2
228 834 1425 1126 1 3
550 333 1426 1414 2 3
939 333 1427 1426 2 3
433 406 1428 1111 1 3
406 335 1428 1115 2 1
892 428 1429 1419 3 2
287 584 1430 1415 2 3
668 911 1431 1128 3 3
911 892 1431 1130 1 1
446 668 1432 1417 3 2
550 939 1433 1426 3 1
911 550 1433 1128 2 2
713 529 1434 1154 3 1
316 713 1434 1125 2 2
287 892 1435 1430 1 1
892 486 1435 1429 2 2
486 428 1436 1429 1 1
408 459 1437 1401 3 1
486 408 1437 1436 2 3
529 408 1438 1122 3 3
408 428 1438 1436 1 2
316 529 1439 1434 3 1
529 428 1439 1438 1 2
428 316 1439 1419 2 1
968 633 1440 1155 3 3
633 680 1440 1157 1 1
680 968 1440 1156 2 2
898 376 1441 1158 3 1
376 851 1441 1400 1 3
851 898 1441 1404 2 1
848 1072 1442 1409 1 2
1072 1122 1442 1410 2 1
1122 1075 1443 1412 2 1
848 1122 1444 1442 1 3
1122 847 1444 1443 2 1
459 848 1446 1406 1 3
848 847 1446 1444 2 3
1078 847 1447 1445 3 1
847 1075 1447 1443 1 3
1075 1078 1447 1413 2 1
847 770 1448 1445 2 3
601 334 1449 1416 2 2
486 459 1450 1437 3 1
734 245 1451 1121 1 3
245 898 1451 1158 2 2
924 995 1452 1405 3 1
995 851 1452 1404 1 2
851 924 1452 1402 2 3
408 734 1453 1122 3 2
734 898 1453 1451 1 3
898 408 1453 1411 2 1
770 1078 1454 1445 1 2
770 1099 1455 1454 1 3
1099 1078 1456 1454 3 2
770 563 1457 1455 1 3
663 459 1458 1450 3 1
459 847 1458 1446 1 3
847 663 1458 1448 2 1
563 1099 1460 1455 3 2
563 1001 1462 1460 3 2
1001 872 1462 1459 1 3
872 563 1462 1461 2 3
446 584 1464 1432 2 2
663 770 1465 1448 3 3
770 601 1465 1457 1 3
601 663 1465 1449 2 1
942 601 1467 1416 2 3
601 563 1468 1457 3 2
563 400 1468 1461 1 2
400 601 1468 1467 2 3
663 334 1469 1449 1 3
334 287 1469 1415 2 1
287 486 1470 1435 3 3
486 663 1470 1450 1 2
663 287 1470 1469 2 3
1001 1099 1471 1460 2 1
334 942 1473 1416 3 1
436 942 1474 1472 1 3
942 400 1474 1467 2 1
333 185 1475 1424 3 3
834 911 1476 1129 3 1
911 939 1476 1433 1 1
939 834 1476 1425 2 2
584 668 1477 1432 3 1
668 892 1477 1431 1 2
892 584 1477 1430 2 3
192 446 1478 1422 1 2
446 651 1478 1464 2 1
334 651 1479 1473 3 2
651 584 1479 1464 1 3
584 334 1479 1415 2 2
942 949 1480 1472 3 2
651 942 1480 1473 2 1
436 400 1481 1474 1 3
872 837 1482 1463 3 2
837 400 1482 1481 1 2
400 872 1482 1461 2 1
1088 812 1484 1466 3 3
1088 436 1485 1484 1 2
436 837 1485 1481 2 3
1088 837 1486 1485 2 3
955 884 1490 1489 1 2
949 436 1491 1472 3 1
436 812 1492 1484 3 1
884 554 1498 1489 3 1
796 925 1499 1496 3 2
925 274 1499 1495 1 3
715 236 1501 1500 1 2
710 447 1504 32 3 2
447 186 1504 1503 1 2
672 710 1505 1 3 1
710 186 1505 1504 1 2
336 956 1506 40 3 2
956 710 1506 32 1 3
371 693 1507 7 3 1
693 1041 1507 34 1 3
965 807 1509 1508 1 2
697 475 1512 1511 1 2
511 407 1513 941 3 1
926 966 1518 989 3 1
966 251 1518 972 1 1
251 926 1518 986 2 3
378 814 1520 996 3 1
814 793 1520 991 1 2
793 378 1520 1519 2 3
731 793 1521 1519 3 1
793 509 1521 987 1 2
509 731 1521 1516 2 3
313 962 1522 581 1 1
962 1090 1522 580 2 2
1090 504 1523 580 1 1
313 1090 1524 1522 1 3
339 926 1525 976 2 2
926 998 1527 986 3 2
784 926 1527 1525 2 3
998 251 1528 986 2 1
957 962 1529 585 3 2
962 850 1529 561 1 1
850 957 1529 583 2 1
1021 671 1532 1531 1 2
476 477 1533 572 3 2
520 562 1534 943 3 3
562 728 1534 1530 1 3
356 230 1535 937 2 3
728 234 1536 1530 3 2
671 728 1536 1531 2 1
562 839 1537 943 2 2
356 839 1538 1535 3 1
839 520 1538 943 1 1
682 525 1540 942 3 3
562 682 1540 1537 2 1
697 666 1543 1512 3 3
511 697 1543 1513 2 2
475 236 1544 1501 3 2
666 475 1544 1512 2 2
561 200 1545 586 3 3
200 525 1545 1541 1 3
525 561 1545 1542 2 1
895 504 1546 1523 3 2
339 784 1547 1525 3 1
784 1090 1547 1524 1 2
895 339 1548 1515 3 1
339 1090 1548 1547 1 2
1090 895 1548 1523 2 3
295 895 1549 1515 3 2
236 295 1549 1500 2 1
509 339 1550 976 1 3
339 295 1550 1515 2 3
868 262 1551 1014 3 3
262 585 1551 59 1 3
585 868 1551 1015 2 2
998 434 1552 1528 3 1
572 998 1552 1526 2 3
251 203 1553 960 3 2
434 251 1553 1528 2 3
556 577 1554 1095 2 2
577 260 1555 925 1 3
260 356 1555 937 2 1
577 356 1556 1555 2 3
343 209 1558 568 1 3
728 1021 1559 1531 1 3
671 243 1560 577 3 2
243 343 1560 569 1 3
343 671 1560 1532 2 2
476 1134 1562 1533 3 2
1134 1021 1562 1559 1 2
798 1134 1563 1561 1 3
1134 477 1563 1533 2 1
420 671 1564 579 1 3
671 234 1564 1536 2 1
1021 343 1565 1532 3 3
343 476 1565 1558 1 3
476 1021 1565 1562 2 2
373 430 1566 559 1 2
629 503 1567 554 3 1
503 430 1567 1566 1 2
786 629 1568 749 3 2
629 430 1568 1567 1 2
430 786 1568 665 2 2
557 263 1569 792 3 2
263 629 1569 793 1 1
629 557 1569 664 2 3
250 564 1571 824 3 2
564 951 1571 557 1 2
951 250 1571 556 2 3
320 276 1572 565 1 1
606 373 1573 564 2 1
380 430 1574 665 3 3
430 338 1574 559 1 1
338 380 1574 742 2 1
922 637 1575 1570 3 1
373 503 1576 1566 2 3
503 610 1577 554 3 3
610 922 1577 1570 1 2
922 503 1577 1576 2 3
922 723 1579 1575 3 2
637 305 1580 558 3 1
723 637 1580 1575 2 1
200 996 1581 586 3 2
996 420 1581 582 1 1
972 265 1583 829 3 3
769 972 1584 840 3 1
972 229 1584 1583 1 2
229 769 1584 869 2 1
466 667 1585 827 3 3
667 972 1585 829 1 1
972 746 1586 840 3 3
466 972 1586 1585 2 2
870 505 1587 601 3 3
505 769 1587 870 1 2
870 769 1588 1587 1 2
769 687 1588 869 2 3
687 442 1589 1027 3 2
442 870 1589 602 1 3
870 687 1589 1588 2 3
771 216 1590 885 3 1
216 608 1590 886 1 2
608 771 1590 883 2 3
533 220 1591 849 2 2
220 981 1592 873 3 3
981 692 1592 396 1 3
692 220 1592 1591 2 3
667 1057 1593 827 3 2
1057 829 1593 826 1 3
829 667 1593 1063 2 2
296 320 1594 565 3 2
320 706 1594 1578 1 1
265 172 1595 830 3 3
172 229 1595 603 1 2
229 265 1595 1583 2 1
305 308 1596 558 3 3
308 643 1596 832 1 1
643 305 1596 831 2 2
827 975 1597 1023 3 2
249 827 1597 1024 2 1
764 438 1598 744 3 2
438 482 1598 743 1 3
482 764 1598 732 2 2
531 820 1599 1012 3 3
820 482 1599 732 1 3
482 531 1599 738 2 2
416 380 1600 661 3 1
380 764 1600 744 1 3
764 416 1600 1011 2 2
922 363 1601 1579 3 2
363 373 1601 1573 1 3
373 922 1601 1576 2 1
308 637 1602 558 3 2
637 610 1602 1570 1 3
610 308 1602 823 2 2
706 723 1603 1578 1 3
723 305 1603 1580 2 1
859 276 1604 1572 3 2
276 275 1604 576 1 1
606 363 1606 1573 3 1
859 606 1606 1605 2 3
338 606 1607 564 3 2
320 859 1608 1572 1 3
859 363 1608 1606 2 1
723 320 1609 1578 3 2
320 363 1609 1608 1 3
363 723 1609 1579 2 1
975 706 1610 1022 3 2
706 305 1610 1603 1 3
249 975 1611 1597 3 1
975 305 1611 1610 1 2
305 249 1611 831 2 1
232 975 1612 1022 1 3
975 645 1612 1054 2 3
232 296 1613 566 3 1
296 706 1613 1594 1 2
706 232 1613 1022 2 1
859 275 1614 1604 3 2
647 859 1614 1605 2 1
263 384 1615 792 3 1
384 250 1615 606 1 3
250 263 1615 556 2 2
499 999 1616 1042 2 1
177 999 1617 1038 3 1
999 326 1617 1042 1 3
326 177 1617 1097 2 2
885 573 1618 571 3 2
573 999 1618 1616 1 3
999 885 1618 1040 2 1
649 390 1619 1079 3 2
390 954 1619 1088 1 2
954 649 1619 1087 2 3
395 491 1620 841 1 1
751 889 1621 912 3 2
889 491 1621 1620 1 2
491 751 1621 1076 2 1
422 791 1622 916 3 1
889 422 1622 1075 2 2
944 179 1623 922 1 1
791 395 1624 1072 3 3
395 889 1624 1620 1 3
889 791 1624 1622 2 1
944 950 1625 917 3 1
950 422 1625 916 1 2
422 944 1625 922 2 2
825 315 1626 1070 3 2
315 935 1626 1051 1 3
935 825 1626 1068 2 1
797 791 1627 1078 1 3
791 390 1627 918 2 3
390 358 1628 1079 3 1
358 797 1628 919 1 1
797 390 1628 1627 2 3
811 827 1629 1059 3 1
827 435 1629 1024 1 3
435 811 1629 1062 2 2
573 725 1630 1044 1 1
725 916 1630 1026 2 1
469 916 1631 1041 3 1
916 259 1631 1043 1 2
259 469 1631 1052 2 2
573 916 1632 1630 1 3
916 729 1632 1041 2 3
227 729 1633 1039 3 1
729 469 1633 1041 1 2
469 227 1633 1082 2 3
499 573 1634 1616 3 1
573 729 1634 1632 1 3
729 499 1634 1048 2 3
725 232 1635 567 3 2
232 645 1635 1612 1 3
645 725 1635 1026 2 2
771 533 1636 884 3 3
533 692 1636 1591 1 1
692 771 1636 885 2 2
553 928 1637 880 3 3
928 608 1637 883 1 1
659 466 1638 825 3 1
466 746 1638 1586 1 1
746 659 1638 839 2 3
560 410 1639 862 3 2
410 988 1639 897 1 2
988 560 1639 847 2 1
560 173 1640 848 1 3
173 314 1640 382 2 3
753 452 1641 860 3 1
452 410 1641 865 1 2
410 753 1641 862 2 1
753 560 1642 862 1 3
560 314 1642 1640 2 3
314 788 1643 379 3 3
788 753 1643 389 1 3
753 314 1643 1642 2 3
254 937 1644 894 3 2
937 72 1644 893 1 3
683 480 1645 905 3 1
480 755 1645 911 1 2
755 683 1645 892 2 1
953 553 1646 909 3 3
553 608 1646 1637 1 2
608 953 1646 910 2 2
849 813 1647 907 3 3
813 553 1647 1077 1 1
553 849 1647 909 2 2
849 683 1648 908 1 1
683 937 1648 892 2 3
938 246 1649 1030 3 3
813 938 1649 907 2 2
937 938 1650 894 3 1
938 849 1650 907 1 1
849 937 1650 1648 2 3
254 747 1651 1028 3 3
747 938 1651 1030 1 1
938 254 1651 894 2 3
246 751 1652 912 3 3
751 813 1652 899 1 1
813 246 1652 1649 2 1
193 241 1653 398 3 1
241 480 1653 898 1 2
480 193 1653 1021 2 2
900 839 1660 1539 3 2
839 230 1660 1535 1 3
230 900 1660 1557 2 1
835 224 1661 1659 2 3
863 900 1662 1539 1 3
900 224 1662 1661 2 3
554 812 1667 1492 1 1
812 1091 1667 1483 2 2
554 1091 1668 1667 1 3
1091 1017 1668 1487 2 3
852 554 1669 1498 3 1
554 1017 1669 1668 1 3
1017 852 1669 1488 2 3
1133 925 1670 1494 3 1
925 1050 1670 1496 1 1
1050 1133 1670 1493 2 3
949 955 1671 1491 3 2
884 852 1672 1498 1 2
852 1050 1672 1493 2 1
1133 852 1673 1493 1 2
852 166 1673 1488 2 2
884 1050 1674 1672 1 3
1050 796 1674 1496 2 3
574 884 1675 1490 1 2
884 796 1675 1674 2 3
462 576 1678 1676 1 2
475 462 1680 1511 3 1
462 754 1680 1678 1 3
715 475 1681 1501 3 3
475 754 1681 1680 1 2
996 504 1682 584 3 2
504 962 1682 580 1 3
962 996 1682 585 2 1
511 666 1683 1543 3 1
666 525 1683 1542 1 2
525 511 1683 942 2 2
1085 504 1684 1546 3 1
504 561 1684 584 1 1
1085 561 1685 1684 1 2
561 666 1685 1542 2 3
236 895 1686 1549 3 1
895 1085 1686 1546 1 2
462 697 1687 1511 3 3
441 462 1687 1677 2 3
697 407 1689 1513 3 1
441 697 1689 1687 2 1
236 1085 1690 1686 3 2
1085 666 1690 1685 1 3
666 236 1690 1544 2 1
525 234 1691 1541 3 2
234 562 1691 1530 1 1
562 525 1691 1540 2 1
774 593 1693 1688 3 2
593 857 1693 1692 1 2
441 407 1694 1689 2 1
407 682 1695 941 3 3
224 679 1696 1659 3 2
593 224 1696 1688 2 1
863 682 1697 1695 3 1
682 839 1697 1537 1 3
839 863 1697 1539 2 1
863 224 1698 1662 1 3
224 774 1698 1688 2 3
774 407 1699 1694 3 3
407 863 1699 1695 1 2
863 774 1699 1698 2 3
420 234 1700 1564 3 3
234 200 1700 1541 1 1
200 420 1700 1581 2 2
177 577 1701 1554 1 3
577 798 1701 1556 2 1
798 477 1702 1563 3 3
477 177 1702 1038 1 2
177 798 1702 1701 2 3
520 798 1703 1561 3 1
798 356 1703 1556 1 3
356 520 1703 1538 2 2
520 728 1704 1534 3 2
728 1134 1704 1559 1 3
1134 520 1704 1561 2 2
476 209 1705 1558 3 2
209 885 1705 573 1 2
885 476 1705 572 2 3
174 185 1706 1475 1 1
655 271 1707 1656 3 1
271 662 1707 938 1 3
662 655 1707 940 2 1
530 679 1709 1657 3 1
679 655 1709 1656 1 2
763 586 1711 1655 3 3
586 593 1711 1692 1 3
679 763 1712 1657 3 3
763 593 1712 1711 1 2
593 679 1712 1696 2 1
228 939 1714 1425 1 3
939 931 1714 1427 2 1
931 662 1715 1398 2 3
279 205 1716 935 3 2
433 279 1716 939 2 2
802 556 1717 927 3 3
556 177 1717 1554 1 1
177 802 1717 1097 2 1
499 959 1718 928 3 3
959 326 1718 1036 1 3
326 499 1718 1042 2 2
743 732 1719 1083 3 2
732 802 1719 927 1 1
802 743 1719 1035 2 1
673 732 1720 1099 3 3
732 423 1720 1083 1 1
423 673 1720 1089 2 1
542 556 1721 924 3 3
556 732 1721 927 1 2
732 542 1721 1099 2 2
763 180 1722 1713 3 1
297 763 1722 1655 2 1
579 855 1725 1708 1 3
855 368 1725 1724 2 3
900 272 1726 1557 3 3
272 835 1726 1658 1 3
835 900 1726 1661 2 1
433 205 1727 1716 3 1
205 350 1727 1096 1 1
639 433 1728 1111 3 1
433 350 1728 1727 1 2
350 639 1728 1109 2 3
335 662 1729 1715 3 3
662 433 1729 939 1 3
433 335 1729 1428 2 3
272 279 1730 936 3 3
279 271 1730 938 1 1
271 272 1730 1658 2 1
272 230 1731 1557 3 2
987 272 1731 936 2 1
679 835 1732 1659 3 1
835 271 1732 1658 1 2
271 679 1732 1656 2 3
230 260 1733 937 3 2
260 987 1733 934 1 3
987 230 1733 1731 2 1
174 404 1736 1706 1 3
789 855 1737 1723 1 3
855 702 1737 1708 2 2
174 368 1738 1736 1 3
368 261 1738 1724 2 2
801 45 1740 1663 1 2
801 178 1741 1740 2 3
192 651 1742 1478 1 3
651 949 1742 1480 2 1
554 955 1743 1489 3 3
955 436 1743 1491 1 1
436 554 1743 1492 2 2
192 949 1744 1742 1 3
949 253 1744 1671 2 2
195 665 1745 1665 2 1
294 211 1746 1734 2 1
993 256 1747 1497 3 3
256 665 1747 1745 1 3
665 993 1747 1664 2 2
993 636 1748 1664 1 1
574 796 1749 1675 3 3
993 574 1749 1748 2 3
253 955 1750 1671 3 1
955 574 1750 1490 1 3
796 274 1751 1499 3 2
274 993 1751 1497 1 1
993 796 1751 1749 2 1
574 636 1752 1748 3 2
253 574 1752 1750 2 2
654 183 1753 42 3 2
183 214 1753 696 1 1
214 654 1753 84 2 1
221 329 1755 683 1 3
329 958 1755 1754 2 3
710 699 1757 1 3 3
512 699 1758 1756 1 3
699 672 1758 1 2 2
672 186 1759 1505 1 2
297 180 1760 1722 3 1
180 322 1761 1713 3 3
624 322 1762 1761 3 1
322 237 1762 1710 1 2
237 624 1762 1654 2 3
624 508 1763 1654 1 2
180 624 1764 1761 1 2
171 516 1765 1219 3 2
273 171 1765 1251 2 2
869 733 1767 675 1 3
733 894 1767 686 2 1
303 894 1768 89 3 3
348 869 1769 687 3 2
869 894 1769 1767 1 3
894 348 1769 89 2 2
745 810 1770 688 1 2
810 869 1770 685 2 3
1095 952 1773 673 3 2
952 217 1773 1772 1 2
217 1095 1773 674 2 1
810 301 1774 681 3 3
301 952 1774 684 1 3
952 810 1774 673 2 1
353 745 1775 682 3 2
745 869 1775 1770 1 3
869 353 1775 687 2 1
917 329 1776 1754 3 1
329 206 1776 672 1 2
552 917 1777 2 3 2
917 206 1777 1776 1 2
206 552 1777 3 2 1
958 699 1778 1757 3 1
699 221 1778 1756 1 2
221 958 1778 1755 2 3
958 917 1779 1754 1 2
917 336 1779 45 2 1
336 710 1780 1506 3 2
710 958 1780 1757 1 2
958 336 1780 1779 2 3
619 221 1781 683 2 1
789 702 1782 1737 3 3
655 789 1783 1723 3 1
530 655 1783 1709 2 2
655 261 1784 940 3 3
261 855 1784 1724 1 1
855 655 1784 1723 2 2
579 368 1785 1725 1 3
368 404 1785 1736 2 2
880 498 1787 677 3 2
880 603 1788 1787 1 2
619 341 1789 1781 3 1
341 880 1789 677 1 3
880 619 1789 678 2 1
789 237 1790 1782 3 2
237 530 1790 1710 1 1
530 789 1790 1783 2 1
498 702 1791 1786 3 2
702 579 1791 1708 1 1
579 498 1791 1735 2 3
508 237 1792 1654 3 1
237 702 1792 1782 1 1
702 508 1792 1786 2 1
341 508 1793 1763 3 2
508 498 1793 1786 1 3
498 341 1793 677 2 1
341 221 1794 1781 3 3
624 341 1794 1763 2 3
997 880 1795 678 1 2
615 997 1797 679 3 1
997 815 1797 1795 1 3
221 512 1798 1756 3 1
512 624 1798 1764 1 2
624 221 1798 1794 2 1
866 256 1799 1739 3 2
256 274 1799 1497 1 2
866 274 1800 1799 1 2
256 1033 1801 1739 2 1
1033 866 1802 1739 1 3
866 801 1802 1663 2 3
801 176 1803 1741 3 1
597 217 1804 1766 2 1
195 256 1805 1745 3 1
256 640 1805 1801 1 1
640 195 1805 1771 2 1
992 217 1806 1804 3 3
217 204 1806 1772 1 1
195 992 1807 1771 3 3
992 204 1807 1806 1 2
992 640 1808 1771 2 2
1114 597 1811 1766 1 2
597 437 1811 1809 2 3
1114 437 1813 1811 2 3
1140 437 1814 1813 2 3
217 1114 1815 1766 3 3
1114 733 1815 1810 1 2
733 217 1815 674 2 2
437 176 1816 1809 1 2
176 178 1816 1741 2 3
930 733 1818 686 3 2
733 364 1818 1810 1 1
516 930 1819 1217 3 2
930 364 1819 1818 1 2
321 894 1820 1768 3 1
894 930 1820 686 1 3
930 321 1820 1217 2 1
421 738 1821 136 3 1
738 171 1821 1219 1 3
171 421 1821 1223 2 2
302 303 1822 692 3 2
303 321 1822 1768 1 2
321 302 1822 1187 2 3
523 195 1823 1665 3 2
195 204 1823 1807 1 2
952 1089 1824 684 3 2
204 952 1824 1772 2 3
1054 294 1825 1666 3 2
757 909 1826 1418 2 3
446 909 1827 1422 3 1
909 824 1827 1418 1 2
824 446 1827 1421 2 2
192 253 1828 1744 3 3
253 909 1828 1826 1 3
909 192 1828 1422 2 3
931 333 1829 1427 3 3
333 174 1829 1475 1 2
261 931 1830 1398 3 1
931 174 1830 1829 1 2
174 261 1830 1738 2 3
335 228 1831 1115 3 3
228 931 1831 1714 1 3
931 335 1831 1715 2 1
1039 640 1832 1808 3 3
640 1033 1832 1801 1 3
1039 176 1833 1803 1 1
176 597 1833 1809 2 1
597 992 1834 1804 3 1
992 1039 1834 1808 1 1
1039 597 1834 1833 2 3
47 718 1835 18 1 1
718 761 1835 17 2 2
761 2 1836 16 3 2
47 761 1837 1835 3 3
761 8 1837 1836 1 2
607 822 1838 455 3 2
822 761 1838 454 1 3
761 607 1838 17 2 1
948 447 1840 1503 1 3
965 948 1841 1510 1 1
948 599 1841 1840 2 3
599 447 1842 1840 1 2
447 371 1842 39 2 2
735 807 1843 1509 3 2
661 367 1845 24 1 1
367 946 1845 23 2 2
946 669 1846 23 1 1
669 555 1846 1514 2 2
946 807 1847 1843 2 1
617 965 1848 1510 3 2
965 735 1848 1509 1 3
735 617 1848 1502 2 1
677 268 1849 31 3 2
399 754 1850 1679 1 1
754 576 1850 1678 2 2
960 989 1853 1851 1 3
989 186 1853 1759 2 2
186 948 1854 1503 3 1
960 186 1854 1853 2 3
842 191 1855 19 3 1
772 842 1856 26 3 1
367 772 1856 24 2 3
1030 842 1858 19 1 2
842 718 1858 26 2 3
718 7 1859 18 3 3
7 1030 1859 1857 1 3
1030 718 1859 1858 2 3
203 609 1860 487 1 3
609 262 1860 782 2 1
998 875 1861 1526 3 2
784 998 1861 1527 2 1
262 572 1862 1014 3 2
572 434 1862 1552 1 1
313 784 1863 1524 1 3
784 875 1863 1861 2 1
868 875 1864 1013 3 2
875 572 1864 1526 1 1
572 868 1864 1014 2 1
510 313 1865 581 3 2
313 875 1865 1863 1 3
875 510 1865 1013 2 1
767 510 1866 562 1 3
233 936 1867 784 3 2
868 233 1867 1015 2 1
238 391 1868 563 3 1
391 936 1868 1582 1 1
936 238 1868 784 2 1
850 767 1869 562 2 1
850 647 1870 1869 3 1
647 275 1870 1614 1 1
275 850 1870 583 2 2
868 936 1871 1867 3 1
936 510 1871 1866 1 2
510 868 1871 1013 2 3
936 1019 1872 1582 3 3
767 936 1872 1866 2 3
1019 606 1873 1607 3 1
606 647 1873 1605 1 2
767 1019 1874 1872 3 1
1019 647 1874 1873 1 2
647 767 1874 1869 2 3
391 338 1875 741 3 1
338 1019 1875 1607 1 2
1019 391 1875 1582 2 2
434 203 1876 1553 3 1
203 262 1876 1860 1 3
262 434 1876 1862 2 2
378 731 1877 1519 1 2
731 1128 1877 1517 2 3
1128 244 1878 1517 1 2
378 1128 1879 1877 1 3
1128 191 1879 1855 2 1
943 5 1880 1020 3 1
4 943 1880 1016 2 3
712 463 1881 965 2 1
412 876 1882 968 3 1
876 1020 1882 967 1 2
1020 412 1882 966 2 3
409 712 1883 1018 1 3
712 589 1883 1881 2 1
589 463 1884 1881 1 3
463 378 1884 996 2 2
378 191 1885 1879 3 3
589 378 1885 1884 2 3
589 191 1886 1885 3 1
191 409 1886 977 1 2
409 589 1886 1883 2 3
6 191 1887 977 3 3
191 1030 1887 19 1 3
1030 6 1887 1857 2 2
5 409 1888 1020 1 3
409 6 1888 977 2 1
297 672 1889 1760 3 2
672 989 1889 1759 1 3
586 297 1890 1655 3 2
297 989 1890 1889 1 2
989 586 1890 1852 2 3
857 586 1891 1692 3 1
586 190 1891 1852 1 2
462 857 1892 1677 3 2
857 190 1892 1891 1 2
190 462 1892 1676 2 3
441 774 1893 1694 3 1
774 857 1893 1693 1 2
857 441 1893 1677 2 1
763 530 1894 1657 3 2
530 322 1894 1710 1 3
322 763 1894 1713 2 2
180 512 1895 1764 3 3
512 672 1895 1758 1 3
672 180 1895 1760 2 1
824 638 1896 1423 3 1
757 253 1897 1826 1 1
253 636 1897 1752 2 1
757 636 1898 1897 2 3
842 1128 1899 1855 3 2
1128 367 1899 1878 1 3
367 842 1899 1856 2 1
523 204 1900 1823 1 2
204 1089 1900 1824 2 1
815 465 1901 1796 3 3
523 1089 1902 1900 1 3
211 700 1903 1734 2 3
700 294 1904 1734 1 2
294 465 1904 1666 2 1
311 603 1905 1788 3 2
615 815 1906 1797 3 2
815 301 1906 1901 1 2
301 615 1906 681 2 2
587 579 1907 1735 3 1
579 404 1907 1785 1 3
211 587 1908 1903 3 1
587 404 1908 1907 1 2
603 498 1909 1787 3 1
498 587 1909 1735 1 2
700 603 1910 1905 3 1
603 587 1910 1909 1 2
587 700 1910 1903 2 3
311 815 1911 1796 3 1
815 880 1911 1795 1 2
880 311 1911 1788 2 3
824 185 1912 1896 3 2
185 681 1912 1424 1 2
681 824 1912 1421 2 3
638 757 1913 1423 1 3
757 878 1913 1898 2 1
185 638 1914 1896 1 1
638 211 1914 1746 2 3
465 311 1915 1796 3 2
311 700 1915 1905 1 2
700 465 1915 1904 2 3
665 523 1916 1665 1 3
465 1054 1917 1666 3 3
1054 523 1917 1916 1 2
523 465 1917 1902 2 3
665 1054 1918 1916 1 3
1054 878 1918 1825 2 2
638 878 1919 1913 3 3
878 294 1919 1825 1 1
294 638 1919 1746 2 1
636 665 1920 1664 3 3
665 878 1920 1918 1 3
878 636 1920 1898 2 3
1089 301 1921 684 3 1
301 465 1921 1901 1 1
465 1089 1921 1902 2 2
404 185 1922 1706 3 2
185 211 1922 1914 1 3
211 404 1922 1908 2 2
960 399 1923 1839 3 2
399 576 1923 1850 1 3
576 960 1923 1851 2 1
190 989 1924 1852 3 1
989 576 1924 1851 1 2
576 190 1924 1676 2 1
948 617 1925 1510 3 3
617 960 1925 1839 1 3
960 948 1925 1854 2 1
677 965 1926 1508 3 3
965 599 1926 1841 1 3
599 677 1926 36 2 3
371 1041 1927 1507 3 2
1041 599 1927 36 1 1
599 371 1927 1842 2 3
901 661 1928 29 3 3
661 946 1928 1845 1 3
946 901 1928 1847 2 1
677 901 1929 1849 3 2
901 807 1929 1847 1 3
807 677 1929 1508 2 1
268 344 1930 456 3 2
344 901 1930 29 1 1
901 268 1930 1849 2 1
961 840 1931 1844 3 3
961 897 1932 1931 1 2
897 399 1932 1679 2 2
555 961 1933 1844 1 1
961 735 1933 1502 2 2
946 555 1934 1846 3 3
555 735 1934 1933 1 3
735 946 1934 1843 2 2
669 367 1935 23 1 3
367 244 1935 1878 2 2
724 509 1936 1516 3 1
509 295 1936 1550 1 3
295 724 1936 27 2 1
244 731 1937 1517 3 1
669 244 1937 1935 2 3
669 731 1938 1937 3 1
731 724 1938 1516 1 2
724 669 1938 1514 2 3
715 754 1939 1681 1 2
754 897 1939 1679 2 3
617 961 1940 1502 3 3
961 399 1940 1932 1 3
399 617 1940 1839 2 1
715 897 1941 1939 1 3
897 840 1941 1931 2 1
724 840 1942 27 3 3
840 555 1942 1844 1 2
555 724 1942 1514 2 1
295 715 1943 1500 3 3
715 840 1943 1941 1 3
840 295 1943 27 2 2
1033 801 1944 1802 3 3
801 1039 1944 1803 1 2
1039 1033 1944 1832 2 2
453 1043 1945 1218 3 2
1043 1140 1945 1812 1 3
750 453 1946 1208 3 2
453 1140 1946 1945 1 2
1140 750 1946 1814 2 1
750 437 1947 1814 1 3
437 178 1947 1816 2 3
867 934 1948 1210 2 1
934 750 1949 1210 1 3
750 178 1949 1947 2 3
178 45 1950 1740 3 2
934 178 1950 1949 2 3
516 364 1951 1819 1 2
364 1043 1951 1812 2 1
1114 1140 1952 1813 3 1
1140 364 1952 1812 1 2
364 1114 1952 1810 2 3
516 1043 1953 1951 1 3
1043 632 1953 1218 2 1
758 684 1954 1207 3 2
684 453 1954 1205 1 3
453 758 1954 1208 2 1
273 516 1955 1765 3 1
516 632 1955 1953 1 3
632 273 1955 1214 2 1
758 867 1956 1209 3 1
867 517 1956 1817 1 3
517 758 1956 1207 2 3
119 517 1957 1206 3 3
517 118 1957 1817 1 2
95 500 1958 103 3 1
25 978 1959 951 1 2
978 26 1959 950 2 3
29 1139 1960 169 3 1
1139 30 1960 111 1 2
588 91 1961 106 2 1
30 1056 1962 111 1 1
1056 114 1962 171 2 1
1061 92 1963 110 3 1
91 1061 1963 108 2 3
89 588 1964 180 1 2
588 90 1964 1961 2 1
539 117 1965 264 3 1
88 518 1966 241 3 3
518 89 1966 92 1 2
660 88 1967 241 2 1
85 1016 1968 223 3 1
1016 86 1968 201 1 3
1079 83 1969 202 3 1
82 1079 1969 219 2 2
83 1044 1970 202 1 3
1044 84 1970 224 2 2
84 1035 1971 224 1 1
1035 85 1971 223 2 2
81 207 1972 215 1 2
207 82 1972 219 2 3
80 181 1973 216 3 1
181 81 1973 215 1 3
19 194 1974 329 3 3
194 80 1974 333 1 1
660 87 1975 1967 3 1
86 660 1975 184 2 1
18 188 1976 331 3 2
188 19 1976 329 1 1
1011 35 1977 270 3 1
23 1124 1978 298 1 1
1124 22 1978 300 2 2
1068 23 1979 298 2 2
35 1068 1980 270 1 3
34 1068 1981 1980 3 2
33 1068 1982 1981 3 1
1068 36 1982 1979 1 1
31 1011 1983 266 1 2
1011 32 1983 1977 2 2
1113 21 1984 299 3 2
22 1113 1984 300 2 1
355 17 1985 311 3 3
16 355 1985 352 2 3
15 1105 1986 322 3 2
1105 16 1986 352 1 1
488 104 1987 339 3 2
21 488 1987 310 2 3
17 737 1988 311 1 2
737 18 1988 323 2 2
14 986 1989 343 1 1
986 15 1989 338 2 3
104 1034 1990 339 3 1
1034 103 1990 316 1 2
424 102 1991 353 3 1
103 424 1991 316 2 1
101 290 1992 340 3 1
290 20 1992 388 1 1
102 602 1993 353 1 3
602 101 1993 340 2 2
293 14 1994 366 3 2
13 293 1994 378 2 2
78 332 1995 864 2 2
79 332 1996 1995 1 3
332 13 1996 371 2 2
77 374 1997 867 1 2
374 78 1997 864 2 3
241 76 1998 392 1 1
755 74 1999 911 3 1
74 241 2000 898 1 3
241 75 2000 1998 2 3
27 760 2001 90 2 2
28 760 2002 2001 1 3
760 29 2002 169 2 2
117 945 2003 167 3 3
945 31 2003 275 1 2
115 539 2004 168 3 3
539 116 2004 1965 1 2
114 799 2005 171 1 3
799 115 2005 168 2 1
26 871 2006 545 1 2
871 27 2006 90 2 3
1004 25 2007 951 3 3
113 1004 2007 621 2 1
578 113 2008 621 3 2
112 578 2008 592 2 2
110 1098 2009 595 3 2
1098 111 2009 654 1 2
111 856 2010 654 3 1
856 112 2010 592 1 3
472 109 2011 811 3 1
108 472 2011 818 2 1
109 352 2012 811 1 3
352 110 2012 595 2 3
1076 108 2013 818 3 2
105 474 2014 812 3 1
474 106 2014 816 1 2
24 457 2015 844 3 1
457 105 2015 812 1 2
20 427 2016 890 3 3
427 24 2016 844 1 2
106 1076 2017 816 1 1
1076 107 2017 2013 2 2
76 704 2018 392 1 3
704 77 2018 394 2 1
254 72 2019 1644 1 2
70 254 2020 1028 1 1
254 71 2020 2019 2 3
69 747 2021 1031 1 3
747 70 2021 1028 2 2
1070 66 2022 1086 3 2
65 1070 2022 914 2 1
944 68 2023 1623 3 3
67 944 2023 920 2 3
744 67 2024 920 3 1
66 744 2024 1086 2 1
484 65 2025 914 3 2
64 484 2025 1105 2 2
62 306 2026 1093 3 1
306 63 2026 1067 1 2
63 963 2027 1067 1 1
963 64 2027 1105 2 3
60 532 2028 1094 1 2
532 61 2028 1117 2 3
387 59 2029 1138 2 2
61 349 2030 1117 3 2
349 62 2030 1093 1 2
429 57 2031 1131 3 2
494 60 2032 1094 3 3
59 494 2032 1138 2 1
11 582 2033 1359 3 2
582 12 2033 1140 1 2
239 142 2034 1372 3 1
143 239 2034 1408 2 3
973 140 2035 1369 1 1
429 56 2036 2031 3 2
12 429 2036 1142 2 1
10 1051 2037 1161 2 1
9 1051 2038 2037 1 3
1051 48 2038 1162 2 1
854 93 2039 177 3 1
92 854 2039 110 2 3
1074 95 2040 103 3 2
94 1074 2040 104 2 1
93 777 2041 177 3 3
777 94 2041 104 1 2
96 500 2042 1958 1 1
500 97 2042 1172 2 2
323 98 2043 1173 3 1
97 323 2043 1169 2 1
98 264 2044 1173 1 3
264 99 2044 1203 2 1
867 37 2045 1948 3 1
118 867 2045 1817 2 1
120 1015 2046 1213 1 1
1015 119 2046 1206 2 1
778 120 2047 1221 1 1
1112 122 2048 1229 3 1
778 121 2049 2047 3 3
122 778 2049 1216 2 3
1112 123 2050 2048 3 2
124 1112 2050 1235 2 1
1029 124 2051 1260 1 1
126 1029 2052 1239 1 2
1029 125 2052 2051 2 3
38 415 2053 10 3 2
50 890 2054 1282 3 2
890 51 2054 1298 1 1
39 397 2055 1253 1 1
397 38 2055 10 2 3
41 595 2056 1291 1 2
595 40 2056 1255 2 3
127 415 2057 2053 1 1
415 126 2057 1241 2 2
1087 100 2058 1202 3 3
99 1087 2058 1203 2 3
100 990 2059 1202 3 2
990 10 2059 1274 1 3
830 50 2060 1267 1 2
48 830 2061 1252 1 1
830 49 2061 2060 2 3
42 941 2062 1283 3 3
941 41 2062 1291 1 3
1103 39 2063 1253 3 2
40 1103 2063 1255 2 2
53 726 2064 1313 1 3
726 54 2064 1328 2 3
51 652 2065 1298 2 3
129 861 2066 1311 3 2
861 128 2066 1318 1 2
52 652 2067 2065 3 3
652 53 2067 1313 1 1
634 42 2068 1283 3 1
43 634 2068 1301 2 1
485 44 2069 1299 3 3
128 485 2069 1318 2 1
44 841 2070 1299 3 2
841 43 2070 1301 1 2
455 129 2071 1311 3 3
130 455 2071 1314 2 1
131 1013 2072 1332 3 3
1013 130 2072 1314 1 2
257 11 2073 1359 3 3
55 257 2073 1327 2 2
54 604 2074 1328 3 2
604 55 2074 1327 1 3
132 448 2075 1346 1 2
448 131 2075 1344 2 3
133 785 2076 1348 1 3
785 132 2076 1346 2 3
547 133 2077 1356 3 1
134 547 2077 1350 2 2
135 691 2078 1353 3 1
691 134 2078 1350 1 3
139 213 2079 1381 1 2
213 138 2079 1365 2 1
140 1080 2080 1369 1 3
1080 139 2080 1381 2 3
973 141 2081 2035 3 3
142 973 2081 1372 2 3
1130 143 2082 1408 3 1
148 1120 2083 1396 2 3
146 280 2084 1379 3 3
280 145 2084 1397 1 2
147 1120 2085 2083 1 3
1120 146 2085 1379 2 1
136 571 2086 1357 3 1
571 135 2086 1353 1 2
137 492 2087 1364 3 1
492 136 2087 1357 1 2
138 1106 2088 1365 3 3
1106 137 2088 1364 1 2
149 924 2089 1403 3 1
924 148 2089 1396 1 1
387 58 2090 2029 3 1
57 387 2090 1131 2 1
1130 144 2091 2082 3 2
145 1130 2091 1397 2 1
1072 149 2092 1403 3 2
151 1072 2093 1410 3 2
1072 150 2093 2092 1 2
152 1122 2094 1412 3 2
1122 151 2094 1410 1 3
153 1075 2095 1413 3 2
1075 152 2095 1412 1 3
154 1078 2096 1456 3 1
1078 153 2096 1413 1 3
1099 154 2097 1456 2 2
156 1099 2098 1471 3 3
1099 155 2098 2097 1 1
1001 156 2099 1471 3 1
157 1001 2099 1459 2 1
872 157 2100 1459 3 2
872 158 2101 2100 3 2
159 872 2101 1463 2 3
160 837 2102 1486 1 3
837 159 2102 1463 2 1
812 161 2103 1466 3 2
161 1088 2104 1466 1 1
1088 160 2104 1486 2 1
163 812 2105 1483 1 3
812 162 2105 2103 2 2
1017 164 2106 1487 3 2
1133 166 2107 1673 3 3
168 1133 2108 1494 3 2
1133 167 2108 2107 1 2
925 168 2109 1494 3 3
169 925 2109 1495 2 1
755 73 2110 1999 3 2
72 755 2110 893 2 2
68 179 2111 1623 1 2
179 69 2111 1031 2 1
164 1091 2112 1487 3 1
1091 163 2112 1483 1 1
166 1017 2113 1488 3 1
1017 165 2113 2106 1 2
170 274 2114 1800 3 2
274 169 2114 1495 1 2
45 866 2115 1663 1 1
866 170 2115 1800 2 3
37 934 2116 1948 1 3
934 45 2116 1950 2 1
