# n1, n2, eL, index, fL for each boundary edge
# n1, n2 = two nodes that define the edge
# eL = element next to the boundary edge
# index = boundary group index: farfield(1), main(2), slat(3), flap(4)
# fL = local edge number in eL
#      note: local edge f is opposite local node f
1 33 2597 1 1
33 34 458 1 2
34 2 2608 1 3
3 1 87 1 3
4 3 76 1 1
5 4 872 1 3
6 5 867 1 2
7 6 888 1 2
8 35 468 1 1
35 7 196 1 1
2 36 456 1 1
36 8 2634 1 1
9 10 4021 2 3
37 9 4023 2 3
38 37 4022 2 2
39 38 4013 2 1
40 39 4015 2 3
41 40 4017 2 1
42 41 4019 2 3
43 42 4020 2 3
44 43 4090 2 3
45 44 4089 2 2
46 45 4091 2 2
47 46 4093 2 2
48 47 4094 2 2
49 48 4103 2 1
11 49 4104 2 3
12 11 4106 2 2
50 12 3943 2 2
51 50 3942 2 1
52 51 4124 2 3
53 52 4123 2 2
54 53 3945 2 1
55 54 3944 2 3
56 55 3946 2 3
57 56 3947 2 3
58 57 3948 2 3
59 58 3922 2 1
60 59 3921 2 3
61 60 3920 2 2
62 61 3950 2 3
63 62 3949 2 1
64 63 3960 2 3
65 64 3952 2 2
66 65 3951 2 2
67 66 3941 2 2
68 67 3954 2 1
69 68 3955 2 2
70 69 3953 2 3
71 70 3975 2 3
72 71 3957 2 2
73 72 3956 2 1
74 73 3958 2 1
75 74 3959 2 3
76 75 3961 2 3
77 76 3966 2 1
78 77 3967 2 3
79 78 3965 2 2
80 79 4088 2 1
81 80 4087 2 2
82 81 3969 2 2
83 82 3968 2 1
84 83 4084 2 3
85 84 4086 2 2
86 85 4085 2 1
87 86 4083 2 2
88 87 4080 2 1
89 88 4082 2 3
90 89 4078 2 1
91 90 4079 2 1
92 91 4068 2 1
93 92 4069 2 3
94 93 4074 2 1
95 94 4071 2 2
96 95 4066 2 3
97 96 4065 2 2
98 97 4047 2 2
99 98 4070 2 3
100 99 4056 2 1
101 100 4055 2 2
102 101 4048 2 1
103 102 4046 2 1
104 103 4045 2 2
105 104 4044 2 2
106 105 4043 2 3
107 106 4042 2 2
108 107 4040 2 2
109 108 4041 2 1
110 109 4038 2 3
111 110 4039 2 1
112 111 4031 2 1
113 112 4037 2 3
114 113 4034 2 3
115 114 4026 2 2
116 115 4032 2 1
117 116 3992 2 2
118 117 3991 2 1
119 118 4029 2 2
120 119 3993 2 1
121 120 3994 2 1
122 121 3998 2 1
123 122 3995 2 3
124 123 4030 2 3
125 124 3996 2 1
126 125 4006 2 1
127 126 3997 2 3
128 127 4010 2 3
10 128 4024 2 3
13 129 4081 3 3
129 130 4072 3 2
130 131 4077 3 3
131 132 4073 3 1
132 133 4075 3 1
133 134 4076 3 2
134 135 4067 3 3
135 136 4064 3 1
136 137 4063 3 3
137 138 4062 3 3
138 139 4061 3 1
139 140 4057 3 1
140 141 4059 3 2
141 14 4060 3 3
14 15 4058 3 1
16 13 3970 3 2
142 16 3971 3 2
143 142 3978 3 3
144 143 3972 3 1
145 144 3977 3 2
146 145 3976 3 3
147 146 3973 3 1
148 147 3979 3 1
149 148 3974 3 1
150 149 3980 3 3
151 150 3981 3 1
152 151 3982 3 1
153 152 3963 3 3
154 153 3983 3 2
155 154 3984 3 2
156 155 3985 3 3
17 156 3964 3 1
18 19 3989 3 3
19 17 3986 3 1
20 18 3962 3 1
21 20 3990 3 1
157 22 4028 3 3
158 157 4027 3 2
159 158 4025 3 1
160 159 4035 3 2
23 160 4036 3 3
22 21 4033 3 2
24 23 4053 3 3
25 26 4051 3 3
26 27 4050 3 1
27 24 4049 3 2
15 28 4052 3 3
28 25 4054 3 3
29 161 3915 4 2
161 162 3987 4 3
162 163 4001 4 3
163 164 4000 4 1
164 165 3988 4 3
165 166 4004 4 1
166 167 4002 4 1
167 168 4003 4 2
168 169 3999 4 2
169 170 4005 4 3
170 171 4007 4 1
171 172 4008 4 3
172 30 4011 4 1
30 173 4012 4 2
173 174 4009 4 2
174 31 4014 4 1
31 175 4016 4 3
175 176 4018 4 2
176 177 4095 4 1
177 178 4096 4 3
178 179 4092 4 2
179 180 4097 4 3
180 181 4098 4 3
181 182 4099 4 3
182 183 4100 4 1
183 184 4101 4 2
184 185 4102 4 3
185 186 4105 4 2
186 187 4107 4 2
187 188 4108 4 1
188 189 4109 4 2
189 190 4110 4 1
190 191 3919 4 1
191 192 4111 4 2
192 193 4114 4 3
193 194 4116 4 1
194 195 4112 4 2
195 196 4113 4 2
196 197 4117 4 3
197 198 4115 4 1
198 199 3940 4 2
199 200 3938 4 2
200 201 3939 4 1
201 202 4119 4 3
202 203 4118 4 1
203 204 3937 4 2
204 205 3936 4 2
205 206 4120 4 2
206 207 4121 4 3
207 208 3935 4 3
208 209 3934 4 2
209 210 3933 4 1
210 211 3932 4 3
211 212 3931 4 1
212 213 3916 4 3
213 214 3930 4 3
214 215 3929 4 3
215 216 3928 4 1
216 217 3927 4 2
217 218 3925 4 1
218 219 3918 4 1
219 220 3926 4 3
220 221 3917 4 3
221 222 4122 4 2
222 32 3924 4 2
32 29 3923 4 2
