1990 2163 1968
346 1561 1079
346 345 2006
834 346 315
1662 1542 361
860 1662 1608
938 1542 1662
1168 938 860
1792 1168 860
955 1792 860
653 709 1792
709 310 1168
759 833 1542
1542 727 361
1608 1662 361
938 759 1542
375 1261 1885
375 693 1261
998 629 361
654 998 727
1857 379 1065
1658 851 833
693 1742 1261
1469 979 1658
1955 979 301
227 1968 979
1065 345 1041
2079 1065 1041
1857 2079 1124
1857 1065 2079
998 1857 1124
654 379 1857
379 2006 345
345 1065 379
1523 1041 1160
1943 1523 662
1207 1124 1523
629 1626 361
2132 629 1943
2082 2132 1005
2082 1626 2132
801 748 1308
1690 1608 361
748 1690 1626
748 285 1690
727 998 361
1308 624 801
748 1626 1308
1653 1275 1867
2024 1653 1294
624 2024 1294
624 1308 2024
1463 1275 1653
1626 2082 1308
1005 1275 1463
1207 1943 629
662 1160 1275
1221 1124 1207
1294 566 1903
624 1294 531
1867 1788 1667
662 1275 1005
1788 373 1419
1523 1160 662
1419 469 1667
1788 1419 1667
373 778 1419
801 504 748
531 1573 624
2085 1892 4
1380 2085 3
1380 1754 2085
504 1754 1380
1573 1892 2085
504 801 1754
2085 4 3
531 1892 1573
1903 539 1892
531 1903 1892
531 1294 1903
1 661 1380
480 636 504
1526 661 2106
504 1526 480
1380 661 1526
801 1573 1754
3 1 1380
1190 242 776
1526 1190 480
247 242 1190
2006 779 1561
346 2006 1561
379 654 2068
636 859 994
1519 258 1569
364 1519 924
784 1091 1519
1052 728 1693
876 310 709
976 761 1009
930 375 310
1009 930 876
709 1091 876
784 976 1009
761 601 930
908 809 1569
823 908 653
823 1484 908
1792 955 653
1274 1012 239
776 1274 823
776 242 1274
1561 1990 1079
2068 779 2006
379 2068 2006
654 833 2068
1885 759 938
375 1885 310
1261 759 1885
1742 1658 1261
901 1742 693
901 1469 1742
833 759 1261
2068 833 851
654 727 833
1658 979 851
1742 1469 1658
901 2060 1469
876 1091 1009
1676 1381 1016
612 1676 453
857 1381 1676
1498 1801 1202
1581 1879 1628
1668 2001 2165
1987 1719 1863
826 1987 453
826 1293 1987
2148 645 2060
1800 1272 2131
1293 2049 1719
919 1272 1780
2095 301 645
790 2131 645
1038 301 2095
2131 1038 2095
1800 1780 1272
2148 1863 2041
2041 2080 1800
919 1135 1272
307 1955 1038
1990 227 1079
2163 1990 1561
779 2163 1561
779 851 2163
1968 227 1990
851 1968 2163
851 979 1968
2068 851 779
833 1261 1658
1967 710 2083
660 1668 1202
2008 1016 710
1668 2008 1501
384 1016 2008
1727 360 1621
1654 240 319
1654 444 2119
1498 1654 319
1127 1883 1654
771 1498 319
228 2083 2011
534 737 2119
1978 2158 274
274 767 2164
577 1632 477
2114 1646 363
514 896 535
1875 705 1300
1875 1232 705
896 1875 1300
1539 1232 1875
1154 1539 514
1154 1958 2164
767 707 1966
707 767 274
707 255 1966
896 405 535
896 406 405
514 1875 896
1300 406 896
1676 612 857
971 752 847
515 1042 1384
265 880 1906
399 35 7
1602 1536 1763
1170 1595 1189
1458 1536 1595
571 35 399
1682 708 1189
1012 1682 1602
247 708 1682
1833 725 1421
1179 1833 984
1179 741 1833
349 649 1563
288 725 741
1042 273 425
1538 1384 1042
1926 971 1770
515 1325 1042
515 1300 1934
871 223 273
1042 1926 273
263 2123 1355
1251 314 304
1387 1726 1251
866 1429 832
1861 866 832
1350 1209 847
1482 1843 1052
368 1209 1350
1727 1050 1405
314 1727 304
314 360 1727
893 676 1864
443 893 401
589 1814 443
1475 1707 1860
1901 676 893
1673 261 665
415 1499 266
1499 1532 1464
1848 553 1095
261 1532 1873
951 714 397
722 1010 1740
544 584 951
1738 416 1418
1157 1738 1418
584 482 1738
951 584 714
482 416 1738
544 922 584
1371 553 1174
1575 1556 1371
983 1575 1134
1794 922 544
874 1794 1575
874 1697 1794
1454 553 1371
1740 1010 1454
951 1740 544
951 397 1740
722 981 1010
1499 722 397
415 1076 981
983 785 874
1575 1371 1134
1794 1556 1575
544 1740 1556
1994 1450 785
281 1994 983
281 1782 1994
1195 706 1146
1475 1814 1195
589 543 1758
543 1418 1758
1671 543 589
1873 541 519
714 1873 1532
1157 541 1873
1671 541 543
1490 1281 1671
608 1490 443
608 1512 1490
1116 452 1281
452 519 541
507 794 706
794 304 706
581 1387 298
1861 263 368
1726 1861 832
1726 780 2123
1693 728 976
360 1482 734
1843 368 1350
752 971 1055
1064 800 761
976 1064 761
728 847 1064
1621 364 743
1387 794 298
780 1726 1351
1251 794 1387
1429 1251 832
304 794 1251
908 258 653
821 1220 239
1239 743 924
1569 1241 924
1629 925 1050
605 1535 1239
1931 1201 1537
605 1610 1535
605 398 1836
1537 647 1434
1836 774 1201
512 1161 774
743 364 924
1482 1052 734
314 1482 360
314 1429 1482
605 1239 1241
1512 538 1576
1580 1512 608
1375 538 1512
1090 1375 595
1923 970 870
1090 1923 1375
1090 596 1923
935 1090 595
596 1386 1923
298 507 416
1814 1103 1195
1566 1814 1475
1566 443 1814
1671 589 443
1490 1671 443
1281 541 1671
1146 304 1727
1405 1146 1727
1707 1405 925
686 1707 925
567 1860 1707
1707 1475 1405
706 304 1146
507 706 1103
507 298 794
1446 610 251
1446 1368 960
271 1446 251
1601 1063 659
271 1601 1446
1876 928 688
1063 1876 1322
1689 928 1876
271 1689 1601
271 1825 1689
1248 848 573
638 1080 960
638 773 1080
2117 57 1974
1817 1872 54
1248 1080 848
1644 1818 545
1025 1080 1248
1025 960 1080
545 1818 1248
610 960 1025
527 593 311
490 272 1481
1481 272 615
1736 824 400
1660 1291 1252
489 1660 1048
489 881 1660
1212 824 1252
546 1644 1049
367 824 1212
1705 455 1698
610 1705 270
610 1025 1818
251 610 270
1644 367 1212
243 1270 292
1705 546 455
1368 659 1349
610 1446 960
1446 1601 1368
610 1818 1705
1825 781 1391
1689 1825 456
271 781 1825
1705 325 270
1760 1840 1917
781 1760 1391
277 1315 1840
428 1565 351
1565 428 1625
670 1911 226
428 1076 1625
981 722 415
1095 981 235
1019 1095 235
553 1010 1095
1095 1010 981
1499 1464 1643
722 1499 415
397 1532 1499
965 1376 732
1643 1673 1362
1803 758 835
1011 2035 262
732 1376 2009
973 381 1408
2035 2156 991
2143 1938 943
381 2143 1408
1109 1938 2143
602 648 943
2143 381 1109
1459 991 2156
1011 973 1408
1673 973 312
1362 1673 312
1464 261 1673
665 381 973
1673 665 973
261 519 665
665 519 381
1220 398 605
1484 1220 809
821 398 1220
481 465 1008
1413 646 1332
1413 1321 646
1773 1397 1413
1337 818 1397
818 765 1477
1589 762 1877
1434 647 568
594 1722 568
945 686 1537
1901 945 238
1537 1201 774
945 1537 1434
1931 925 1629
1201 1931 1610
686 925 1931
1475 1146 1405
1475 1195 1146
1860 1566 1475
945 1860 567
1901 1566 1860
945 1901 1860
238 676 1901
1814 589 1103
1103 706 1195
1537 774 647
1931 1629 1535
1610 605 1836
481 1589 465
783 457 594
2171 2 36
2106 247 1526
34 820 33
1243 1734 948
2103 1094 1734
1458 1595 1170
1227 1458 782
1763 1152 1478
1602 1763 1478
1536 792 1763
1189 1258 1170
571 399 1094
571 8 35
1234 231 1784
1684 1120 1234
1032 1684 1234
287 326 1684
675 911 1120
1828 799 1093
1361 1394 1141
1807 1185 1313
1361 1739 1394
1361 282 1739
1708 1810 921
1807 799 1394
1810 1313 1185
1097 1310 1765
365 1101 739
1310 1040 1765
1046 1040 1669
675 1046 827
326 352 1790
1114 1093 799
1046 1790 1040
1406 1149 1093
1040 1790 1114
352 1149 1406
911 1871 1120
827 911 675
1871 231 1120
697 1871 911
697 1809 1871
827 1416 911
505 630 1809
1790 352 1406
1114 1790 1406
1046 326 1790
1809 392 1586
1554 630 505
457 783 630
1902 465 1589
774 1902 512
774 1836 1902
1836 1201 1610
1228 1836 398
1228 1902 1836
1161 647 774
1696 1161 512
1589 1877 512
1021 392 1696
628 647 1161
1434 1722 945
893 1566 1901
1537 686 1931
1535 743 1239
567 1707 686
1629 1621 743
1610 1931 1535
1050 1621 1629
1405 1050 925
1629 743 1535
1727 1621 1050
360 364 1621
1569 258 908
1241 1569 809
924 1519 1569
1241 1239 924
1220 1241 809
1220 605 1241
364 1496 1519
1773 792 286
1397 1773 1495
1846 481 1008
1413 1846 1773
1413 762 1846
1008 792 1846
1228 1152 465
1902 1228 465
398 821 1228
1478 239 1012
1228 821 1152
1595 1602 1682
1602 1478 1012
242 1682 1012
1595 1536 1602
1227 1536 1458
792 1008 1763
1152 821 1478
465 1152 1008
821 239 1478
1008 1152 1763
1773 1846 792
231 1586 1652
1589 481 762
1877 1696 512
1332 1877 762
1021 1696 1877
512 1902 1589
1189 708 1258
782 1458 1170
1595 1682 1189
1484 1274 239
1220 1484 239
809 908 1484
242 247 1682
318 422 1824
1643 266 1499
1673 1643 1464
1362 786 1643
2074 1362 312
1011 2074 312
1376 1389 2074
786 266 1643
1389 965 29
1011 2009 2074
2009 262 732
2074 2009 1376
1011 262 2009
383 226 786
226 266 786
1288 243 292
1685 548 1288
966 956 1685
211 966 421
1208 1491 956
331 336 548
1441 254 1837
1242 1747 690
744 1117 1441
1747 1492 744
690 1747 1441
1242 331 1747
1642 395 1377
2056 2161 1377
656 269 587
1291 1212 1252
1551 1736 1105
1624 395 1018
1522 1624 1018
1117 2056 254
1117 2026 2056
1117 744 2110
1109 381 519
1938 1109 569
602 1938 569
602 943 1938
2156 943 1459
1408 2156 2035
2143 943 2156
1402 1674 1118
1548 740 1422
1695 1548 603
1048 1691 1548
1548 1014 740
881 1291 1660
1655 1691 1048
1623 358 1014
1691 1623 1014
1548 1691 1014
1655 1551 1691
989 877 1623
916 648 602
1874 916 602
822 740 1352
1695 1048 1548
1895 1783 1746
648 1895 1522
1352 1783 1895
1389 383 786
1362 1389 786
1376 965 1389
914 608 401
1874 883 822
569 1874 602
1543 883 1874
1062 1543 569
1386 883 1543
1923 1386 970
521 883 1386
1576 1116 1281
1512 1576 1490
538 870 1576
870 1116 1576
452 541 1281
1418 416 507
1758 1418 507
1103 1758 507
1103 589 1758
543 1157 1418
1687 626 1284
1156 1687 1409
622 1554 1827
699 583 1762
607 699 396
533 611 699
2098 929 188
672 2098 189
672 611 2098
699 611 583
988 1188 2032
2161 220 1642
1599 958 1087
1354 892 1634
300 1354 985
680 892 1354
1862 236 1087
907 1862 575
907 322 1862
1322 278 1063
1579 1555 473
322 1579 473
561 390 1579
764 278 968
802 1403 390
746 1457 764
688 928 236
561 1579 322
473 1322 1876
1799 1457 1074
1349 1799 872
1349 659 1799
746 59 1074
251 270 781
1014 358 740
1691 989 1623
1691 1551 989
1660 1815 1048
1815 1736 1655
1736 400 1105
1655 1736 1551
1252 824 1736
394 1105 400
1471 243 336
394 1270 1105
394 1151 1270
877 1081 1623
1471 1270 243
1242 690 1081
336 1242 877
336 331 1242
548 336 243
1081 358 1623
1242 1081 877
1837 254 841
690 1837 1746
690 1441 1837
1747 1491 1492
1837 841 1746
1123 269 1402
1909 689 1237
440 1641 365
1122 689 1379
1342 1122 724
1718 382 689
957 1718 1122
957 1584 1718
1899 1596 1030
640 1899 1593
1183 1596 1899
781 270 325
1123 935 333
1923 870 538
521 1386 596
1386 1543 970
1123 333 587
269 1123 587
1118 935 1123
1090 935 596
595 1896 935
1512 1580 1375
1896 1584 333
772 1896 595
772 1678 1896
1580 772 595
1375 1580 595
608 914 1580
517 382 1678
1584 1678 1718
947 1284 517
443 1566 893
1156 457 622
1687 1284 1409
1003 1722 1156
238 1003 676
238 1722 1003
1409 1003 1156
622 1687 1156
1284 947 1864
517 1284 626
1864 676 1409
1284 1864 1409
947 401 1864
594 457 1156
1722 594 1156
945 1722 238
1434 568 1722
568 628 783
567 686 945
783 392 630
568 783 594
628 392 783
647 628 568
1161 1696 628
1809 1586 1871
505 1809 697
630 392 1809
1030 440 1657
1593 1030 555
1596 440 1030
1593 1899 1030
724 1122 1641
1225 957 1342
587 1225 1147
333 1584 1225
724 1641 1596
1101 1310 1097
505 697 1416
675 326 1046
667 296 456
1391 1125 667
325 1760 781
1760 1917 1391
1898 555 1944
1125 1898 1222
1593 555 1898
1917 1593 1898
1391 1917 1125
640 1593 1917
640 1183 1899
667 537 296
1657 555 1030
739 1657 440
1708 921 1944
739 1708 1657
739 1097 1810
1741 1302 1107
1898 1741 1222
1944 921 1741
1898 1944 1741
555 1657 1944
1354 300 680
958 985 575
735 1558 985
1271 1034 1683
735 1599 1271
1107 1302 1507
1125 1222 537
1302 1034 1507
1222 1741 1107
921 1823 1302
1271 1558 735
1599 1507 1271
958 1599 735
1087 537 1891
1034 282 1683
1007 1265 656
325 1705 277
989 1551 1105
1291 1049 1212
1815 1660 1252
1736 1815 1252
1655 1048 1815
881 1886 1291
367 1884 824
1516 689 382
1516 1237 689
1687 1516 626
1827 1554 669
669 891 1237
1118 596 935
1402 1118 1123
472 1423 269
603 1236 1674
521 596 1118
1402 1695 1674
870 1062 1116
1375 1923 538
1062 1816 1116
622 457 630
1827 1237 1516
1416 827 1216
505 1416 1216
697 911 1416
1516 382 626
891 1680 1909
1641 440 1596
1379 1641 1122
1379 365 1641
947 517 914
401 947 914
676 1003 1409
1827 669 1237
1687 1827 1516
1687 622 1827
630 1554 622
505 669 1554
382 517 626
435 1485 6
1824 528 318
948 1824 1243
1485 528 1824
5 539 6
1308 1463 2024
435 566 528
539 1903 566
6 539 435
5 4 1892
1495 286 1227
806 1914 1227
1337 1397 1495
422 915 806
526 765 818
1337 1847 2126
1060 462 1032
1803 32 1560
1560 262 991
2074 1389 1362
32 965 732
29 383 1389
1109 252 569
948 399 7
1485 948 7
6 1485 7
435 528 1485
2103 782 1170
1094 2103 1170
1734 1243 2103
1485 1824 948
422 806 2103
1645 1701 1545
806 782 2103
1397 818 1321
1227 1914 1495
2126 1645 1545
1914 1847 1337
915 1919 1847
318 915 422
1919 1724 469
1847 1919 1645
915 318 1919
1227 782 806
1914 1337 1495
915 1914 806
915 1847 1914
286 1536 1227
1560 32 732
1803 835 221
1560 991 1803
262 1560 732
991 758 1803
1642 221 835
2056 1377 254
218 2056 2026
2161 1642 1377
219 2161 2056
254 1441 1117
2110 217 2026
1117 2110 2026
744 1954 2110
1954 1492 426
1491 1747 331
2110 1954 216
744 1492 1954
548 956 331
1208 213 426
1491 1208 426
1492 1491 426
215 1954 426
744 1441 1747
331 956 1491
956 966 1208
1208 966 212
1681 1249 788
421 1685 810
1288 1249 1363
243 1288 548
292 1249 1288
1681 788 297
1805 1681 297
1363 1249 1681
810 1685 1363
292 677 1249
1805 297 687
1280 1805 502
810 1363 1805
1685 956 548
1363 1685 1288
421 966 1685
209 421 810
1280 810 1805
206 1280 502
1280 208 810
2072 362 204
2072 502 687
205 502 2072
362 2076 203
2076 2142 201
687 1627 362
1494 1544 1627
586 1494 631
1277 1544 1494
1880 1277 959
1544 1178 1627
923 1544 1277
2069 554 197
923 2069 1544
923 754 2069
687 631 1627
2072 687 362
502 1805 687
297 1365 631
362 1627 2076
1627 631 1494
1813 773 1204
1092 1813 1204
593 1481 1832
959 1277 1494
1973 2069 197
1544 2069 1973
1178 1973 199
754 1577 554
688 236 1862
473 688 322
928 456 236
473 1876 688
1322 968 278
1689 1876 1063
473 968 1322
1825 1391 667
251 781 271
325 277 1760
296 236 456
1302 1741 921
1891 1222 1107
1125 1917 1898
667 1125 537
667 456 1825
1184 1789 1007
1184 1147 1183
1698 455 1845
1789 1698 1845
1007 1789 1265
1315 1698 1789
277 1705 1698
656 587 1007
1225 587 333
1183 1147 724
1596 1183 724
1184 1007 1147
640 1184 1183
1315 277 1698
640 1315 1184
1840 1760 277
640 1840 1315
640 1917 1840
1007 587 1147
1845 455 1049
1291 1886 1049
1265 1789 1845
656 1265 472
1184 1315 1789
472 269 656
365 739 440
958 735 985
1862 958 575
1891 537 1222
1507 1891 1107
1599 1087 1891
1862 1087 958
236 296 1087
1896 333 935
1678 1584 1896
517 1678 772
382 1718 1678
957 1225 1584
689 1122 1718
1342 1147 1225
1122 1342 957
724 1147 1342
1684 326 675
376 369 256
1585 536 1777
1849 1585 1777
369 1849 1333
376 578 1849
578 1297 1585
1823 1185 1739
1034 1823 282
1034 1302 1823
1810 1708 739
1313 1810 1097
1185 921 1810
1823 921 1185
1844 1558 1683
282 1910 1683
1036 1111 1844
1507 1599 1891
1944 1657 1708
1216 669 505
1669 1310 1509
891 669 1216
1509 1310 1680
1669 1040 1310
1216 1669 1509
827 1046 1669
1765 799 1313
1097 1765 1313
1040 1114 1765
1909 1379 689
891 1909 1237
1680 365 1909
1093 1149 559
1585 559 536
1398 655 678
1828 1394 799
559 1828 1093
1141 1394 1828
578 1630 1297
1807 1739 1185
799 1807 1313
1394 1739 1807
1462 1361 1141
282 1823 1739
287 486 1083
479 642 887
642 462 340
909 590 479
1378 897 1149
486 1378 1083
909 897 1378
1167 1713 479
927 897 909
1713 1686 927
479 1713 909
1167 769 1713
1686 1069 1767
909 1713 927
769 1069 1686
536 1149 897
486 462 590
1684 1032 287
231 1234 1120
1138 1032 1234
1321 1477 646
765 1032 1138
1510 233 1136
1215 1541 1798
655 417 1510
1997 753 529
1301 1594 549
1328 852 1163
337 1328 1002
1140 852 1328
753 1229 337
1028 1181 1383
1301 1447 1594
1106 347 1085
1181 1106 1085
1383 1181 1085
1574 1383 1085
852 1140 1383
1710 464 1106
1028 1710 1181
1028 1594 1720
464 1915 1106
1307 1305 1915
230 1307 1238
1888 1795 1913
230 1888 1307
230 1488 1888
1637 1730 1439
1383 1574 1198
1085 327 1574
1140 1028 1383
347 467 1085
1977 520 1439
290 1977 1439
1088 487 1977
1229 1140 337
1594 1229 753
1028 1140 1229
1198 852 1383
1927 1198 1574
682 1303 1198
1303 380 1163
1198 1303 1163
682 1164 1303
853 1900 858
329 599 459
1618 1679 858
1717 1231 374
1172 1717 374
904 808 1953
1467 674 229
508 1622 620
858 674 1467
1679 853 858
1659 1679 1618
1659 830 1749
853 1027 1900
1842 1164 682
853 1842 1729
1606 1164 1842
1231 1606 830
483 1164 1606
1900 1637 520
858 1900 674
1027 1637 1900
1729 1027 853
1749 1842 853
1927 1574 1730
1027 1927 1730
682 1198 1927
1729 682 1927
1433 496 663
1820 680 300
1223 992 442
1613 1223 442
1259 1613 442
1215 888 1613
1752 1000 992
1916 1752 1223
805 1367 1752
1000 963 680
1223 1752 992
1367 604 755
1752 1367 1000
805 604 1367
1562 459 1433
1706 1176 1562
564 1279 1133
529 337 1530
1002 684 1176
1328 1163 1002
380 329 684
1862 322 688
1354 1634 575
561 322 907
1521 561 1166
411 390 561
296 537 1087
1398 678 1630
256 1398 376
417 655 1398
498 614 12
1224 614 1102
1188 1256 1102
1445 1070 1224
1224 12 614
1224 1070 12
920 1817 1070
1204 773 638
1872 1204 872
1974 1872 872
1092 917 1813
1872 1092 1204
917 311 1813
1074 1457 746
960 1368 638
1799 278 1457
1368 1601 659
1601 1689 1063
1349 638 1368
1063 278 659
872 1204 1349
1799 1074 872
659 278 1799
278 764 1457
1974 56 1872
2117 1974 872
2117 872 1074
59 2117 1074
764 1403 1821
1555 390 1403
764 1555 1403
968 473 1555
1821 746 764
62 1821 474
61 746 1821
1607 802 390
1785 1607 411
1521 1785 411
1688 898 1785
882 802 1607
1750 882 898
1725 1750 898
1039 1077 1750
882 1077 474
1039 63 1077
1607 390 411
898 882 1607
1035 1688 1785
1521 1791 1785
561 1521 411
873 393 1791
1279 564 529
1395 1133 1748
1688 1395 1089
1035 562 1395
1557 1108 564
1395 1557 1133
562 755 1557
1513 663 323
1278 1197 1513
1562 1176 459
1197 1735 1433
1735 770 1748
1555 764 968
474 1403 802
474 1821 1403
62 474 1077
1354 575 985
963 892 680
992 1000 680
393 873 963
873 1166 1634
562 1035 1791
1634 907 575
873 1634 892
1166 907 1634
1521 1166 873
561 907 1166
1689 456 928
619 1831 1838
1301 549 357
291 1447 849
1594 1028 1229
549 1594 753
1447 1238 1720
230 1238 291
1720 1710 1028
892 963 873
1820 992 680
1558 1988 300
1111 992 1820
1000 1367 1811
393 1811 755
1752 1916 805
1259 1215 1613
1111 1929 442
787 1541 1259
330 829 888
1620 357 549
1916 888 829
805 1916 829
1223 1613 1916
330 357 829
1056 529 564
805 2129 604
529 753 337
1620 1997 1056
1620 549 1997
1530 1279 529
1002 1530 337
1002 1176 1530
1108 604 1056
393 755 562
1811 963 1000
755 1811 1367
393 963 1811
1108 1056 564
1133 1557 564
755 604 1108
849 1301 357
1997 529 1056
1176 684 459
1706 1530 1176
337 1140 1328
1579 390 1555
1791 1035 1785
873 1791 1521
393 562 1791
755 1108 1557
1433 663 1197
770 1735 1197
459 599 1433
1706 1748 1279
1956 1513 323
1199 1513 1956
1278 770 1197
1039 1278 1199
1039 1750 1278
1513 1197 663
67 1956 323
1199 1278 1513
1725 1089 770
1607 1785 898
1035 1395 1688
1748 1089 1395
1279 1748 1133
1706 1735 1748
1530 1706 1279
1748 770 1089
1562 1735 1706
1562 1433 1735
1725 1688 1089
1395 562 1557
1715 1047 1600
599 496 1433
684 329 459
329 1437 599
1047 1437 1822
802 882 474
1997 549 753
604 1620 1056
829 357 1620
1750 1077 882
1199 1956 65
1776 1600 808
2013 2019 904
323 1715 68
721 246 374
830 1659 374
2070 698 1972
2070 995 698
1618 2070 721
1618 1622 2070
1659 1618 721
374 1659 721
1659 1749 1679
858 1467 1622
1364 1026 321
995 1364 224
1244 1026 1364
1622 1244 995
508 1026 1244
1715 496 1047
1776 808 904
1715 663 496
69 1715 1600
323 663 1715
2075 1172 308
904 1717 1515
2075 2020 74
2013 2075 73
1515 1172 2075
977 308 246
721 1972 246
939 77 977
75 2020 308
1297 559 1585
1630 1462 1297
1398 1630 578
678 846 1630
1141 1828 1297
1509 891 1216
827 1669 1216
1310 1101 1680
739 1101 1097
1680 891 1509
365 1680 1101
365 1379 1909
1828 559 1297
1765 1114 799
1149 536 559
1114 1406 1093
352 1378 1149
867 256 369
1031 867 369
738 798 1268
1307 1915 1238
1913 1282 1316
1414 1518 513
245 1213 1470
347 1106 750
1213 467 347
1497 946 1213
978 1497 245
576 1731 1616
290 467 946
1710 1106 1181
1802 745 513
1282 1913 1067
1795 840 1802
846 1036 1462
1136 1912 617
1432 617 275
849 619 291
1447 1301 849
1238 1447 291
1720 464 1710
1447 1720 1594
1238 464 1720
357 1831 849
1831 330 1838
849 1831 619
357 330 1831
2011 1127 2052
2158 2011 550
274 2158 550
1978 1883 2158
2158 1127 2011
444 1883 1978
444 1654 1883
1725 898 1688
1278 1725 770
1278 1750 1725
64 1039 1199
977 76 308
1586 231 1871
1021 1586 392
1784 1332 646
1021 1652 1586
1021 1877 1652
628 1696 392
1784 646 1138
1652 1784 231
1652 1332 1784
1877 1332 1652
762 1413 1332
1413 1397 1321
481 1846 762
1773 286 1495
1032 462 287
1477 765 1138
646 1477 1138
1321 818 1477
1060 340 462
526 1060 765
526 1591 1060
1032 765 1060
675 1120 1684
1234 1784 1138
1263 429 1214
1545 1263 1591
818 2126 526
1701 469 1415
429 1701 1415
1645 1919 1701
2126 1847 1645
526 2126 1545
818 1337 2126
1919 318 1724
1263 1701 429
1591 1263 387
1060 1591 340
526 1545 1591
887 340 387
318 1835 1724
422 1243 1824
435 539 566
1419 778 1527
1619 834 315
1483 1619 315
1553 1527 1619
1619 778 834
429 1527 854
1415 1419 1527
1263 1545 1701
469 1419 1415
373 1041 778
302 1733 986
683 1167 1396
429 1415 1527
1083 352 326
287 1083 326
486 590 1378
462 486 287
1083 1378 352
834 345 346
1483 2061 1619
778 1041 834
1867 566 1294
1724 1835 1667
528 566 1835
2085 1754 1573
1867 1835 566
1653 1867 1294
1275 1788 1867
1867 1667 1835
1160 1788 1275
1160 373 1788
1835 318 528
469 1724 1667
469 1701 1919
539 5 1892
1801 999 1628
1202 1801 660
771 999 1801
986 969 463
986 982 969
1733 1483 986
1396 1733 302
1396 1893 1733
1483 982 986
1647 1079 1135
1483 1647 982
315 1079 1647
949 1135 919
1272 307 1038
1581 949 919
1879 1581 350
1996 1879 350
826 1996 350
427 2001 1996
660 1801 1879
234 949 1581
949 969 1135
1955 301 1038
227 1955 307
227 979 1955
1268 1330 867
1510 417 1330
1850 1136 1838
655 1798 1541
1510 1136 1798
1398 578 376
787 678 655
1613 888 1916
1541 1215 1259
655 1541 787
655 1510 1798
1850 1838 330
1798 1850 1215
1798 1136 1850
1558 300 985
1683 1558 1271
1507 1034 1271
1683 1910 1844
1988 1820 300
1844 1988 1558
1844 1111 1988
846 1929 1036
442 992 1111
1462 1036 1910
1297 1462 1141
1630 846 1462
787 846 678
787 1259 1929
2129 829 1620
604 2129 1620
805 829 2129
1910 282 1361
1462 1910 1361
1036 1844 1910
1929 1111 1036
787 1929 846
1259 442 1929
1111 1820 1988
1398 256 417
578 1585 1849
1378 590 909
1686 1713 769
702 1806 234
518 2051 1400
731 900 1806
1628 999 1583
1581 1628 234
1879 1801 1628
1517 1456 1769
1327 1704 1859
1672 1529 1456
1905 910 912
1082 1905 1411
1082 1412 1905
1411 1905 912
305 1082 332
1540 492 905
1881 1412 1082
932 338 1412
1797 233 1614
1529 501 1456
518 1529 718
518 1054 1529
1411 912 518
332 1411 718
332 1082 1411
1330 233 1510
738 1268 867
798 1614 1268
766 683 302
900 766 302
986 900 302
1806 702 731
463 1806 900
463 234 1806
1882 1104 1054
1650 1882 1312
731 1306 1882
1882 1054 1312
1583 1769 1306
501 1054 1104
1849 369 376
1638 1031 1333
766 1650 769
1069 1887 1767
1592 867 1031
2131 1272 1038
645 2131 2095
790 1800 2131
2028 240 1132
2111 1946 980
1205 1890 1946
1661 319 240
1327 597 370
1829 1704 1327
906 1829 343
438 305 1829
1704 332 1672
343 1829 1327
305 332 1704
1672 718 1529
597 1859 1456
332 718 1672
1668 660 2001
427 2165 2001
1501 1202 1668
1127 1498 2052
1498 771 1801
2052 1498 1202
228 2052 1202
228 2011 2052
1127 1654 1498
1921 771 319
370 1921 319
597 1517 1921
1769 1456 501
771 1517 999
597 1456 1517
1047 496 599
1437 1047 599
380 1437 329
1822 808 1047
483 1822 1437
483 1606 1953
808 1600 1047
1606 1231 1953
1776 69 1600
1775 1382 388
2109 1935 1004
295 2109 1004
1764 437 2109
1702 353 836
1979 1702 1296
1323 1979 1296
341 1702 1979
408 353 1702
2154 470 803
2057 2154 1961
2057 1264 2154
1646 1360 1392
756 470 1264
1360 756 1264
1906 880 577
265 579 880
386 470 756
288 499 408
1374 1129 634
284 1949 634
811 1311 1985
1356 493 931
500 1753 658
1129 1985 1267
634 1129 447
1985 493 1267
1374 1985 1129
1374 811 1985
341 1979 580
1311 493 1985
1296 2118 811
2115 931 493
2118 2115 1311
403 931 2115
1267 1356 658
723 1940 20
658 1356 723
2031 842 1612
1940 2031 1612
931 403 2133
1826 253 996
1191 1775 276
1191 1382 1775
1143 565 1505
1382 1143 388
634 565 1143
2045 1323 811
1949 2045 1374
1465 1323 2045
1949 1465 2045
634 1949 1374
284 716 1949
716 2105 1465
447 565 634
1505 267 414
1143 1505 1110
565 673 1505
1382 634 1143
673 410 267
447 673 565
1128 500 1119
1856 1182 1194
1597 1649 1119
1728 320 1182
1449 1728 1649
1449 156 1728
1753 447 1129
447 1051 673
1051 447 1753
1851 152 1452
1159 962 2097
1075 253 388
1110 1075 388
1143 1110 388
414 510 1110
510 250 1075
1795 1488 257
745 1802 840
1305 1307 1888
1267 658 1753
723 542 658
1177 635 1414
840 1177 745
729 635 1177
1001 294 1764
1191 1001 295
276 961 1001
432 803 2139
2030 685 1935
961 276 641
1764 295 1001
359 1764 294
437 1935 2109
386 579 359
1004 2105 716
1935 685 1004
2030 1935 437
2030 341 685
341 580 685
359 437 1764
1191 276 1001
284 1191 295
1775 388 253
284 1382 1191
284 634 1382
438 844 344
1245 450 523
1344 1245 335
1636 450 1245
1344 1636 1245
730 1218 1904
1826 996 730
276 1826 557
1775 253 1826
1326 941 418
996 1218 730
250 1796 2124
1859 597 1327
1672 1859 1704
1672 1456 1859
1255 413 343
1890 1205 1336
1255 1890 894
1661 240 1946
366 1957 894
1970 1336 1487
1255 1661 1890
2127 1154 514
1205 2111 1336
980 1154 1868
2139 386 359
2139 2096 386
294 2139 359
294 432 2139
803 470 2096
2096 470 386
961 1023 432
1751 363 1392
2057 1751 1264
470 2154 1264
889 1751 2057
889 1957 2169
1961 889 2057
1023 1961 803
1023 889 1961
432 1023 803
775 1957 1023
775 894 1957
880 1360 577
438 344 305
413 906 343
844 335 1455
906 844 438
844 391 1664
996 250 1218
557 1826 730
253 250 996
1829 305 1704
523 1455 335
338 492 1412
1904 1636 730
1193 1904 1326
1193 450 1904
1540 275 910
1905 1540 910
1412 492 1540
840 492 338
905 275 1540
257 905 492
1488 230 1043
291 619 1043
1881 1082 305
344 1881 305
932 1412 1881
1043 619 1432
1488 1043 1432
257 1488 905
257 840 1795
230 291 1043
1255 343 370
1661 1255 370
319 1661 370
1661 1946 1890
894 413 1255
775 413 894
906 438 1829
391 906 413
391 844 906
775 391 413
1957 889 1023
1711 2141 366
2169 1751 889
2141 2169 1957
2141 1711 2169
366 2141 1957
1711 363 2169
1023 961 775
1961 2154 803
432 1001 961
1636 557 730
844 1664 335
641 557 1344
2081 641 1664
775 2081 391
961 641 2081
775 961 2081
432 294 1001
276 557 641
377 910 275
617 377 275
1432 619 617
905 1432 275
905 1488 1432
1912 233 1797
1838 1136 617
619 1838 617
330 1215 1850
330 888 1215
1411 518 718
377 1797 910
2051 798 1400
912 2051 518
1614 798 2051
1797 1614 912
910 1797 912
1912 1136 233
377 1912 1797
377 617 1912
233 1268 1614
1306 1769 1104
1769 999 1517
1104 1769 501
1583 999 1769
234 1583 702
234 1628 1583
771 1921 1517
370 597 1921
370 343 1327
1905 1412 1540
344 932 1881
344 1455 932
897 927 1777
766 769 683
766 731 1650
1592 738 867
1767 1592 1031
1887 738 1592
1887 1312 738
1767 1887 1592
1650 1312 1887
769 1650 1069
731 1882 1650
1400 798 738
1054 1400 1312
1054 518 1400
1306 1104 1882
702 1306 731
702 1583 1306
501 1529 1054
1330 1268 233
256 1330 417
256 867 1330
1312 1400 738
2051 912 1614
1232 767 1966
550 707 274
2083 228 1967
550 2083 707
550 2011 2083
2158 1883 1127
534 1978 274
534 444 1978
2083 710 707
1972 698 939
939 698 328
224 1598 1603
1972 939 977
246 1972 977
721 2070 1972
328 78 939
1603 328 698
224 1603 698
1598 79 1603
412 451 1572
828 1924 412
828 681 1924
1417 1324 1648
828 1525 681
572 389 1504
1292 488 451
950 1677 681
1026 508 1431
321 1026 863
321 224 1364
1292 451 1924
1677 1292 681
863 488 1292
1026 488 863
698 995 224
620 884 1431
1026 1431 488
84 1964 1648
1918 356 1546
1870 1918 1546
1366 1393 1918
1148 1759 309
926 934 1366
1759 1590 926
309 1759 1366
1148 1590 1759
926 1460 934
895 1226 890
2018 895 890
1766 540 1703
987 1766 936
632 409 1766
409 632 461
1460 618 934
1226 1460 890
1721 1640 1407
987 1226 895
1640 1139 1407
987 1257 1226
987 936 1257
934 1451 1393
1504 1324 1417
1393 356 1918
618 1451 934
1096 356 1393
1525 1096 572
828 356 1096
1525 828 1096
1417 1525 572
1417 1834 1525
681 1292 1924
828 412 356
1364 995 1244
1633 487 1088
639 1633 964
1285 487 1633
1531 1855 639
797 884 1318
1855 797 1285
639 1855 1285
1531 1870 1855
763 1531 639
451 412 1924
1870 1546 1694
309 1870 1531
309 1366 1870
1870 1366 1918
1318 229 1068
616 884 797
1431 508 620
616 1431 884
616 488 1431
488 616 451
1318 1068 487
797 1318 1285
884 229 1318
1572 616 797
412 1572 1546
451 616 1572
1533 1590 1260
1514 1533 1260
890 926 1590
632 895 461
934 1393 1366
890 1460 926
1451 572 1096
1393 1451 1096
618 2122 1451
1110 510 1075
1578 1084 1345
410 1246 267
1142 419 1246
1559 1699 1761
267 1246 1578
1472 494 588
1345 1472 468
1812 1571 494
372 1812 1472
372 431 1812
1246 419 1084
410 1142 1246
2097 962 1444
410 1159 1142
1856 1051 1128
1159 1194 1182
410 673 1194
1942 2044 404
1504 1417 572
1024 1504 389
954 1324 1504
1213 245 1497
750 1213 347
1793 1067 1518
750 1316 1470
1795 1888 1488
1802 1913 1795
1470 1316 1282
1793 1907 1282
1213 750 1470
750 1305 1316
1915 464 1238
750 1915 1305
750 1106 1915
1802 513 1067
1913 1305 1888
1067 1913 1802
1316 1305 1913
492 840 257
338 1177 840
338 729 1177
1700 418 717
1793 1700 574
1165 418 1700
1414 1193 1165
745 1414 513
635 1193 1414
1904 450 1636
704 588 494
717 627 668
458 588 704
1497 1616 946
978 576 1497
1200 978 245
1907 1793 1200
1470 1907 245
1470 1282 1907
574 582 1200
582 445 978
445 964 576
324 1692 582
668 975 324
1692 1712 1564
797 1694 1572
385 1086 1290
572 696 389
1289 560 585
232 1289 585
700 1479 1289
696 700 652
1721 618 1460
1226 1721 1460
1479 700 2122
1289 1479 1407
2122 618 1721
1479 2122 1721
696 1451 2122
719 865 1666
1616 290 946
576 1616 1497
1088 1977 1616
1731 1088 1616
964 1731 576
964 1633 1731
487 520 1977
1731 1633 1088
1564 964 445
639 1285 1633
1712 471 763
1564 1712 763
1712 760 1781
1694 1546 1572
1855 1694 797
1855 1870 1694
1439 327 290
1616 1977 290
1927 1027 1729
327 1730 1574
1637 1027 1730
520 1637 1439
520 1068 1900
1068 674 1900
1285 1318 487
229 674 1068
1749 853 1679
1606 1749 830
1606 1842 1749
487 1068 520
229 620 1467
2018 461 895
1533 2018 890
1533 1514 2018
1148 309 471
933 1656 471
1759 926 1366
503 1590 1148
503 1260 1590
1514 1260 143
461 2018 16
16 2018 1514
1075 250 253
1559 510 414
1578 1559 414
468 1472 1699
1761 1796 510
431 1571 1812
1796 250 510
941 1796 458
941 2124 1796
627 941 458
1326 1165 1193
2124 1326 1904
250 2124 1218
941 1326 2124
418 1165 1326
627 418 941
582 574 434
760 1692 324
445 576 978
1518 1067 513
1700 1518 1165
1793 1282 1067
1700 1793 1518
574 1200 1793
324 582 434
1200 245 1907
1664 1344 335
391 2081 1664
641 1344 1664
1775 1826 276
557 1636 1344
717 434 1700
523 335 1245
635 523 450
1193 635 450
1904 1218 2124
1165 1518 1414
1414 745 1177
1455 344 844
729 1455 523
729 932 1455
635 729 523
338 932 729
145 2113 2065
1045 1276 2065
717 418 627
434 717 668
434 574 1700
2104 2044 148
1942 2022 2044
1162 1571 1942
856 668 627
1424 1162 1401
1781 471 1712
1348 933 1466
1401 1348 1287
1932 1276 1045
1401 1774 1348
1162 404 1774
1656 1148 471
588 1699 1472
1656 503 1148
1348 1656 933
1348 1774 1932
1699 1559 468
458 1699 588
1761 510 1559
458 1761 1699
458 1796 1761
372 990 1426
467 327 1085
1213 946 467
290 327 467
1200 582 978
1172 246 308
1172 374 246
2020 2075 308
1515 1717 1172
2013 904 1515
2075 2013 1515
2019 1776 904
71 2019 2013
1231 830 374
904 1953 1717
1953 1822 483
1717 1953 1231
808 1822 1953
380 483 1437
1439 1730 327
1842 682 1729
380 1164 483
380 1303 1164
1163 684 1002
1198 1163 852
380 684 1163
1244 1622 508
1622 1618 858
620 1622 1467
995 2070 1622
229 884 620
2104 1276 404
1932 503 1656
1276 1932 1774
997 503 1932
2113 997 1045
144 1260 2113
1932 1656 1348
1260 503 997
2113 1260 997
1287 975 668
1401 1287 856
704 1424 856
1162 1774 1401
1466 975 1287
1348 1466 1287
933 1781 1466
763 471 309
1531 763 309
1692 445 582
760 1712 1692
975 1781 760
933 471 1781
1564 445 1692
639 1564 763
639 964 1564
704 627 458
1424 1401 856
494 1424 704
494 1571 1424
1571 1162 1424
1472 1812 494
1942 404 1162
431 1942 1571
2022 149 2044
431 2022 1942
431 1426 2022
1932 1045 997
404 1276 1774
2104 147 2065
1276 2104 2065
404 2044 2104
856 627 704
1287 668 856
1781 975 1466
760 324 975
324 434 668
2065 2113 1045
1638 1777 927
1777 1333 1849
897 1777 536
1638 1333 1777
1686 1638 927
1767 1031 1638
1686 1767 1638
1069 1650 1887
1031 369 1333
642 479 590
462 642 590
887 387 1217
340 887 642
340 1591 387
731 766 900
1167 683 769
887 1217 479
387 1214 1217
1893 1214 854
1167 1217 1396
1167 479 1217
1214 429 854
1893 1217 1214
1553 1893 854
1396 1217 1893
2061 1733 1893
1553 2061 1893
1553 1619 2061
2061 1483 1733
1527 1553 854
1527 778 1619
315 1647 1483
302 683 1396
387 1263 1214
1041 345 834
1160 1041 373
1857 998 654
1041 1523 2079
1221 629 998
1124 1221 998
1207 629 1221
2079 1523 1124
1943 1005 2132
1523 1943 1207
662 1005 1943
1463 1653 2024
994 859 955
938 1662 860
285 636 994
1542 833 727
1079 307 1135
346 1079 315
227 307 1079
1426 150 2022
372 1426 431
1452 151 1426
990 1452 1426
1851 1428 152
990 1851 1452
990 1084 1851
1345 1084 990
1472 1345 372
468 1578 1345
419 1428 1851
1084 419 1851
372 1345 990
1578 414 267
1084 1578 1246
468 1559 1578
962 320 609
1444 962 609
154 1444 609
2097 419 1142
1428 2097 1444
1428 419 2097
1194 673 1051
1573 801 624
2132 1626 629
1463 2082 1005
1463 1308 2082
285 748 504
285 1608 1690
320 1728 155
1159 2097 1142
155 609 320
153 1428 1444
949 234 463
969 949 463
900 986 463
1135 307 1272
982 1135 969
982 1647 1135
919 350 1581
826 2121 1996
1293 826 350
2049 1780 2080
919 2049 350
919 1780 2049
1987 1863 612
350 2049 1293
1987 612 453
2080 1863 1719
2049 2080 1719
1780 1800 2080
2148 790 645
2080 2041 1863
1800 790 2041
2121 427 1996
453 2121 826
453 384 2121
2121 384 427
1293 1719 1987
2148 612 1863
790 2148 2041
2060 612 2148
1469 2060 645
901 612 2060
301 1469 645
693 857 901
301 979 1469
375 601 1443
1716 601 800
693 1443 857
693 375 1443
1582 1716 800
1016 384 1676
612 901 857
1967 228 1202
1501 1967 1202
1501 710 1967
2008 710 1501
453 1676 384
255 710 1016
255 707 710
2001 660 1879
1996 2001 1879
2165 384 2008
1668 2165 2008
427 384 2165
1970 713 1711
1970 1487 713
1890 1970 366
1890 1336 1970
1336 1868 1487
894 1890 366
2111 980 1868
1336 2111 1868
1205 1946 2111
240 2028 1946
1654 2119 240
1132 1958 2028
2127 514 1646
1958 1154 980
2028 1958 980
1946 2028 980
1132 737 1958
737 534 2164
2164 767 1539
1154 2164 1539
1958 737 2164
274 2164 534
1868 2127 1487
2169 363 1751
1970 1711 366
2114 363 1711
713 2114 1711
713 1646 2114
2119 737 1132
240 2119 1132
444 534 2119
1646 535 1360
2127 1646 713
1487 2127 713
1868 1154 2127
514 535 1646
1539 767 1232
1906 1320 288
265 1906 408
577 1320 1906
406 1384 405
1538 725 1320
1384 1538 477
425 725 1538
1538 1042 425
405 1384 477
406 515 1384
273 223 1421
2139 803 2096
1360 535 1632
756 1360 880
1392 363 1646
1264 1392 1360
1264 1751 1392
579 437 359
577 477 1320
579 756 880
2030 579 265
341 2030 265
437 579 2030
386 756 579
1632 405 477
1360 1632 577
535 405 1632
1906 288 408
1538 1320 477
725 288 1320
1421 984 1833
273 1421 425
223 1173 1852
768 726 260
1508 768 260
725 1833 741
984 768 1179
425 1421 725
1768 2077 1346
2077 1173 625
1421 1852 984
1421 223 1852
223 871 1355
1768 1772 2077
1563 499 741
342 1524 1115
353 499 1524
17 1449 1597
1856 1128 1649
1182 1856 1649
1194 1051 1856
504 1380 1526
1649 1728 1182
542 1597 1119
716 284 295
1004 716 295
1764 2109 295
2105 580 1465
685 2105 1004
685 580 2105
580 1323 1465
2045 811 1374
1979 1323 580
1296 811 1323
265 1702 341
2099 2107 1755
1702 1878 1296
1702 836 1878
716 1465 1949
1182 320 962
542 1119 500
1649 1597 1449
542 2015 1597
673 267 1505
1649 1128 1119
1159 1182 962
1159 410 1194
1505 414 1110
310 938 1168
2089 1755 449
1187 2089 2034
1343 1755 2089
547 1343 1187
842 1755 1343
1940 723 1356
449 2107 836
661 1 33
820 885 33
247 1190 1526
1258 571 1094
885 820 1258
2106 885 708
247 2106 708
661 885 2106
661 33 885
2171 36 571
34 2171 820
34 2 2171
636 285 504
1190 776 859
1496 784 1519
734 1496 364
1693 976 784
734 1693 1496
734 1052 1693
360 734 364
1009 761 930
1496 1693 784
728 1064 976
1885 938 310
709 258 1091
1168 1792 709
1608 994 860
1626 1690 361
285 994 1608
955 776 823
994 955 860
859 776 955
653 955 823
480 859 636
480 1190 859
242 1012 1274
823 1274 1484
571 36 8
1258 708 885
571 1258 820
1094 1170 1258
2103 1243 422
399 1734 1094
399 948 1734
286 792 1536
820 2171 571
1350 728 1052
1350 847 728
263 1209 368
263 871 1770
752 1064 847
705 1934 1300
1209 1770 847
1926 1042 1325
971 1926 1325
1770 871 1926
800 601 761
563 800 752
1716 1071 1381
857 1716 1381
800 563 1582
1055 563 752
1325 1055 971
1934 563 1055
1934 705 563
1325 1934 1055
1325 515 1934
406 1300 515
1875 514 1539
1071 1582 705
1232 1071 705
1716 857 1443
601 1716 1443
1582 1071 1716
1966 1381 1071
1232 1966 1071
255 1381 1966
255 1016 1381
1843 1350 1052
1429 1843 1482
1429 866 1843
1251 1429 314
866 368 1843
1926 871 273
847 1770 971
1209 263 1770
258 709 653
1519 1091 258
784 1009 1091
752 800 1064
601 375 930
563 705 1582
930 310 876
1351 581 1639
1726 1387 1351
2123 1861 1726
1355 2123 780
263 1861 2123
832 1251 1726
1387 581 1351
519 252 1109
1873 519 261
452 1816 519
1873 714 1157
1464 1532 261
397 714 1532
1864 401 893
772 914 517
772 1580 914
1576 1281 1490
443 401 608
973 1011 312
2059 162 670
383 2059 670
1965 1006 1450
1772 984 1852
2077 1772 1852
1173 2077 1852
625 1346 2077
1768 726 1772
1454 1556 1740
553 1454 1010
1371 1556 1454
558 1461 785
1137 482 922
922 482 584
1556 1794 544
1137 757 1639
1794 1697 1137
1461 558 1768
1697 1461 1346
757 1697 1346
1137 922 1794
874 785 1461
1697 757 1137
726 1768 558
625 757 1346
625 780 757
780 1351 757
1173 1355 625
1861 368 866
298 416 581
1157 543 541
584 1738 714
714 1738 1157
1076 235 981
1625 1076 415
266 1625 415
266 1565 1625
428 1975 1076
266 226 1565
351 420 1605
1911 351 1565
226 1911 1565
670 163 1911
2120 1991 126
299 2120 125
299 940 2120
1635 2012 433
795 342 424
1210 836 795
2034 1210 283
449 836 1210
353 342 795
265 408 1702
1563 1524 499
260 1563 1508
649 1115 1563
408 499 353
288 741 499
2023 424 1295
2102 2023 1269
348 1186 2023
836 353 795
2029 1210 795
2099 403 2115
2118 2099 2115
811 2118 1311
1296 1878 2118
2107 449 1755
1878 2107 2099
1878 836 2107
2034 449 1210
1187 2034 283
1187 1343 2089
355 1015 1984
1755 403 2099
2034 2089 449
842 2133 1755
446 1941 1343
1941 1435 1612
1343 1941 842
446 1435 1941
1878 2099 2118
1563 1115 1524
1753 500 1128
1051 1753 1128
1129 1267 1753
493 1356 1267
1311 2115 493
2133 842 2031
931 2133 2031
403 1755 2133
542 500 658
2015 542 723
18 2015 723
2015 19 1597
2031 1940 1356
1612 21 1940
1511 2062 117
2153 1937 2144
2062 2153 2144
862 378 2153
2091 592 454
378 1937 2153
378 2040 1937
1057 1061 1006
2144 2091 119
862 2153 2062
1937 2091 2144
1965 1450 1372
2033 1965 1372
123 2033 1372
1983 1965 2033
454 592 1983
592 1057 1965
1061 726 1006
2040 1858 1061
1937 2040 1057
2138 1192 1480
378 2138 2040
378 862 2138
260 726 1061
2033 122 1983
1983 121 454
1976 940 1450
439 2152 1782
1453 1991 1976
1936 1453 2152
837 1936 439
837 10 2160
1991 940 1976
1072 1991 1453
1072 126 1991
2055 127 1072
123 1372 299
1174 553 448
1440 1371 1174
249 1440 1174
983 1134 281
983 874 1575
720 2149 169
2149 371 2007
1992 371 2149
2000 1022 720
879 2000 720
879 751 2000
1489 1848 1019
1174 448 2093
1440 1134 1371
2046 1440 249
1604 2046 249
942 1440 2046
942 2038 1440
722 1740 397
1489 371 843
1489 1019 1520
448 1489 843
1848 1095 1019
448 1848 1489
448 553 1848
1975 428 1605
1605 428 351
1520 1975 993
1975 235 1076
993 1975 1605
1019 235 1975
2120 940 1991
1920 268 1448
791 1920 1448
2145 439 1782
942 2145 2038
2002 439 2145
1952 2002 1920
1952 837 2002
383 29 2059
420 1939 164
351 1911 1939
1911 163 1939
383 670 226
1520 993 1331
1605 420 993
1331 993 166
2007 1331 167
371 1331 2007
1520 1019 1975
371 1520 1331
371 1489 1520
993 420 165
351 1939 420
2007 168 2149
2093 313 1604
2093 1022 313
1174 2093 249
1357 1022 2093
843 1357 448
843 1992 1357
1992 720 1022
1357 1992 1022
843 371 1992
2149 720 1992
2000 313 1022
170 879 720
172 902 879
2112 902 30
2112 1427 902
1951 2112 173
1951 339 2112
339 1427 2112
1100 1468 1427
1427 751 902
2025 1100 339
2147 2025 339
1203 1230 2025
1468 751 1427
1230 1468 1100
268 2066 1468
313 2000 751
1100 1427 339
31 1808 2116
2145 1782 2038
2055 1453 1936
2160 2055 1936
1453 2055 1072
751 879 902
2066 1604 313
2170 2066 268
942 2046 2066
2093 448 1357
2047 280 39
1808 175 692
1262 2047 38
791 1448 2134
2168 1203 280
2168 1230 1203
2134 2168 280
2134 1981 2168
268 1981 1448
1468 1230 1981
1100 2025 1230
2066 751 1468
2025 2147 1744
1951 174 2116
40 280 2042
2134 280 2047
791 2134 2047
1448 1981 2134
1744 1254 2025
2147 2116 1744
1951 2147 339
1951 2116 2147
1254 2042 1203
868 42 2042
2042 280 1203
1808 1121 1254
2116 1808 1744
692 1121 1808
1254 868 2042
2025 1254 1203
1121 868 1254
937 1385 692
402 509 1121
1808 1254 1744
509 868 1121
815 937 177
2037 10 837
2016 2037 1952
1262 37 2037
1981 268 1468
1230 2168 1981
2002 837 439
2016 1952 1920
791 2016 1920
791 1262 2016
2016 1262 2037
1262 791 2047
2170 2002 2145
942 2170 2145
268 1920 2170
2037 837 1952
2160 128 2055
837 2160 1936
1612 1435 157
2150 433 918
1187 1984 547
1015 433 2150
1187 355 1984
446 1343 547
283 355 1187
355 1373 1015
547 1984 2150
433 825 1635
2157 2048 1511
248 2048 2090
2150 1984 1015
446 2150 918
446 547 2150
1435 446 918
2004 1370 1804
436 2151 1804
248 1897 2004
1192 2048 248
2090 114 1830
416 482 581
1440 281 1134
1604 2066 2046
2093 1604 249
313 751 2066
2170 1920 2002
1355 1173 223
263 1355 871
780 625 1355
1639 757 1351
482 1639 581
482 1137 1639
1563 260 349
1179 1508 741
1179 768 1508
1772 726 768
984 1772 768
1346 1461 1768
1057 592 1937
1480 1858 2040
1006 1965 1057
558 1006 726
558 785 1006
2144 118 2062
747 1186 1233
2073 2092 1186
2023 1358 1269
2023 1295 1358
342 1115 1438
1438 703 1358
1295 1438 1358
1115 649 1438
1438 649 1714
353 1524 342
1563 741 1508
649 1858 1714
2091 454 120
1937 592 2091
349 260 1061
2038 281 1440
2066 2170 942
1782 281 2038
2152 1976 1782
1936 2152 439
1453 1976 2152
1976 1450 1994
1372 940 299
1983 592 1965
1976 1994 1782
1994 785 983
1372 1450 940
1006 785 1450
874 1461 1697
2136 303 1804
1358 2135 1269
1358 303 2135
342 1438 1295
703 303 1358
1714 703 1438
349 1858 649
1480 436 1714
436 1804 703
1714 436 703
1858 1480 1714
1061 1858 349
1061 1057 2040
2040 2138 1480
2151 248 2004
1480 1192 436
2138 862 2048
1266 264 1486
1503 1266 793
864 1503 793
316 967 1503
1771 407 2101
1503 1771 1266
967 1709 1771
407 1933 1196
1269 2135 2136
2151 436 1192
248 2151 1192
2004 1804 2151
2136 1804 1370
303 703 1804
1359 600 1250
407 1709 2058
1897 1830 600
1830 113 600
1359 1897 600
248 2090 1830
2157 1511 116
2090 2157 115
2090 2048 2157
2138 2048 1192
862 1511 2048
862 2062 1511
1612 842 1941
1356 931 2031
918 2012 159
158 1435 918
1171 1317 637
1373 460 441
825 2088 441
2021 747 460
355 2021 1373
355 2159 2021
1373 2021 460
2159 2073 747
283 2159 355
2029 2073 2159
1210 2029 283
795 2092 2029
1945 1947 733
2088 825 433
441 1534 825
2088 1373 441
1015 2088 433
1015 1373 2088
1771 1503 967
807 793 831
1925 1549 807
354 1925 831
1037 1340 1925
354 1037 1925
2064 2100 552
1549 864 807
807 864 793
2064 1153 1283
864 316 1503
1998 864 613
637 1233 1743
974 1854 613
1743 348 316
244 1233 637
244 747 1233
1757 1353 1196
2003 1757 1250
1986 109 1273
2003 1986 1757
1986 1353 1757
1933 1370 1897
2017 1933 1359
2058 1370 1933
407 2058 1933
1709 671 2058
1771 1709 407
2136 2135 303
671 2136 2058
671 1269 2136
1986 2003 110
1250 111 2003
1359 1250 2017
600 112 1250
747 244 460
283 2029 2159
1186 348 1233
2073 1186 747
2021 2159 747
2092 424 1186
2029 2092 2073
795 424 2092
424 2023 1186
1269 671 2102
342 1295 424
2136 1370 2058
1743 864 1998
348 1743 1233
316 864 1743
2102 316 348
2023 2102 348
671 967 2102
1897 1359 1933
2004 1897 1370
248 1830 1897
967 316 2102
1709 967 671
1771 264 1266
506 1211 1473
2067 140 570
816 2067 570
1894 139 2067
1298 485 259
855 1779 1073
839 1425 475
1779 796 532
354 1779 855
354 1928 1779
1528 497 2140
1155 1528 633
1155 796 1528
1073 1779 532
1410 1013 497
1779 1410 796
1928 1404 1013
1779 1928 1410
354 831 1928
1037 354 855
1266 1486 793
1928 1013 1410
1486 1404 1928
793 1486 831
264 1404 1486
264 1353 1404
1273 1020 1986
2137 1273 108
107 1999 2137
2014 1020 1273
796 1410 497
1404 1020 1013
1353 2101 1196
1353 1020 1404
2101 1353 264
1771 2101 264
407 1196 2101
2017 1250 1757
1196 2017 1757
1196 1933 2017
1353 1986 1020
2014 1013 1020
2137 2014 1273
497 1013 2014
1999 1150 2140
1999 2086 1150
1928 831 1486
2086 2054 623
106 2086 1999
105 2054 2086
2140 497 2014
2137 2140 2014
1150 1528 2140
2137 1999 2140
623 633 1150
633 1528 1150
2128 1993 1493
2054 2128 623
2054 2087 2128
1155 532 796
497 1528 796
485 1298 1155
1298 532 1155
804 1298 259
1866 306 1723
952 804 259
241 952 259
525 1309 952
1219 657 1112
532 1298 1866
1723 789 657
1663 1723 1219
306 1615 1723
485 1155 633
2128 814 1993
104 2087 2054
103 1959 2087
2086 623 1150
2087 814 2128
1286 1959 102
814 2087 1959
259 1078 241
1493 633 623
2128 1493 623
1078 1993 814
1078 1493 1993
1078 485 1493
1078 814 1304
485 1078 259
485 633 1493
1286 101 430
1476 1098 556
97 598 1476
1304 241 1078
1959 1304 814
1286 241 1304
525 838 430
525 952 838
711 691 225
2084 804 952
1309 2084 952
1309 506 2084
1549 1058 613
831 1925 807
1925 1340 1549
1663 1866 1723
241 1286 838
1304 1959 1286
24 1995 2005
1131 2036 1617
2036 26 2005
1950 651 2039
1130 1950 1570
1145 651 1950
2036 2005 1617
15 2036 1611
2166 886 825
591 2166 825
1947 2078 2166
733 1947 591
1787 2078 1947
1945 1787 1947
2010 1945 733
591 2167 733
651 1945 2010
1131 1787 1945
1617 1430 2078
2078 1430 886
2166 2078 886
1787 1617 2078
1145 2036 1131
1995 1430 1617
2005 1995 1617
1995 23 1635
2036 1145 1611
1945 651 1131
23 289 1635
2071 1436 2162
2108 2071 972
651 2108 2039
651 2010 2108
2167 1534 2071
679 2094 511
1425 1037 855
475 1425 855
839 1339 1425
511 839 475
2100 899 552
1283 2100 2064
1339 899 2100
1317 441 460
244 1317 460
1317 1854 1534
1998 1171 637
1743 1998 637
613 1854 1998
974 2146 1436
1317 1171 1854
2108 2167 2071
1534 1436 2071
825 1534 591
441 1317 1534
1854 974 1436
1534 1854 1436
1171 1998 1854
1058 974 613
864 1549 613
1339 839 899
1340 1339 1283
1058 1340 1283
1058 1549 1340
1037 1425 1339
2162 972 2071
2146 2162 1436
2146 1969 2162
2162 1969 972
1153 2146 974
1153 1969 2146
1153 712 2155
1058 1283 974
2155 1253 1969
1153 2155 1969
712 1570 2155
1950 1130 816
2039 1570 1950
1253 2155 1570
1969 1253 972
712 1502 1570
2108 972 2039
1502 1130 1570
552 1502 712
1889 1550 1130
819 1889 1502
819 679 1922
899 819 552
1339 1340 1037
2100 1283 1339
712 2064 552
712 1153 2064
1153 974 1283
2094 679 819
839 2094 899
839 511 2094
1922 1112 1786
2167 2108 2010
733 2167 2010
591 1534 2167
1253 2039 972
1253 1570 2039
2012 289 160
433 2012 918
1635 289 2012
886 1635 825
886 1430 1635
430 838 1286
225 525 430
1617 1787 1131
1995 1635 1430
2166 591 1947
1317 244 637
138 1894 1029
899 2094 819
511 1219 1112
2067 816 1130
819 1502 552
1950 816 1145
1889 1130 1502
1922 1786 1550
819 1922 1889
679 1112 1922
491 1029 1550
1130 1894 2067
1550 1029 1894
1145 1131 651
570 1611 1145
816 570 1145
570 141 1611
1663 1073 532
1866 1663 532
804 1866 1298
804 306 1866
1219 1073 1663
511 475 1219
475 855 1073
430 100 225
1894 1130 1550
491 1113 1029
1112 1338 1786
511 1112 679
2050 1126 1338
657 2050 1338
657 789 2050
475 1073 1219
875 1341 1144
838 952 241
1113 137 1029
869 1113 491
1631 136 1113
1334 556 913
99 1334 711
98 556 1334
2063 136 551
789 1335 2050
1839 1989 1651
1989 2063 551
1989 134 2063
598 530 1476
1476 530 1098
691 913 1211
1098 1235 1399
98 1476 556
530 334 1235
334 1390 1240
1631 551 136
869 1631 1113
1980 1206 1839
869 1980 1631
869 1126 1980
1786 869 491
1786 1338 869
1550 1786 491
1550 1889 1922
1112 657 1338
1962 1745 2043
133 1989 1962
1839 1206 1745
1631 1980 1651
1126 2050 1335
1338 1126 869
1948 1033 903
1745 1948 903
1335 1033 1948
1126 1335 1206
789 1059 1335
1219 1723 657
1059 1144 1341
1474 1247 598
96 1474 598
484 1732 1474
1745 1206 1948
1839 1651 1980
1962 1839 1745
1989 551 1651
1962 1989 1839
551 1631 1651
484 1474 95
1247 334 530
598 1247 530
1732 1044 1442
1247 1732 1390
484 1044 1732
1819 1420 1609
1908 1420 1670
1853 1609 1329
1169 1853 1329
1044 1819 1853
1819 1737 94
1853 1819 1609
1044 1737 1819
1766 476 540
1778 875 715
1240 1778 715
1506 1567 1778
1211 1369 1473
1309 1211 506
306 2084 506
525 691 1309
1399 1235 664
913 1399 1369
913 556 1399
691 1211 1309
225 691 525
1369 664 516
1144 1473 516
1211 913 1369
1334 913 691
556 1098 1399
711 1334 691
100 711 225
1235 334 664
1369 1399 664
1098 530 1235
306 804 2084
1615 1144 1059
506 1473 1615
1369 516 1473
1240 715 516
334 1240 664
524 1778 1240
524 1390 1442
1865 1587 1053
131 2043 1319
903 1033 1066
1587 1066 1341
1053 1587 953
1319 1066 1587
1865 1319 1587
1756 1865 1053
1756 237 1865
237 130 1319
1567 736 1053
875 1567 953
1506 736 1567
1442 1506 524
1169 1329 1552
466 644 736
466 293 812
1980 1126 1206
878 1908 865
93 1420 1819
694 1329 878
1169 1044 1853
1552 1506 1169
466 1552 694
736 1506 1552
1442 1044 1169
1506 1442 1169
1442 1390 1732
1329 1908 878
1066 2043 903
1066 1319 2043
1552 466 736
1552 1329 694
1732 1247 1474
1240 1390 524
334 1247 1390
484 1737 1044
484 95 1737
878 865 293
237 476 129
1908 1329 1609
1420 1908 1609
522 865 1908
317 1086 385
700 696 2122
389 696 652
572 1451 696
1766 409 476
1240 516 664
1506 1778 524
644 1053 736
2043 132 1962
1745 903 2043
1335 1948 1206
1059 1033 1335
789 1615 1059
1144 715 875
1615 1473 1144
789 1723 1615
306 506 1615
516 715 1144
1341 953 1587
1059 1341 1033
875 953 1341
1053 644 1756
953 1567 1053
1033 1341 1066
875 1778 1567
1670 91 1299
1290 232 385
700 1290 1086
1289 232 1290
719 1666 560
1139 1314 719
1314 936 812
293 1314 812
1139 1257 1314
1407 1139 560
1289 1407 560
1640 1721 1226
1257 936 1314
1640 1226 1257
1139 1640 1257
1407 1479 1721
895 632 987
987 632 1766
1666 522 1017
560 1666 585
865 522 1666
293 865 719
293 694 878
1666 1017 585
466 694 293
1299 90 1388
1017 1388 232
1017 1299 1388
585 1017 232
522 1299 1017
1670 1420 92
522 1670 1299
522 1908 1670
1388 89 385
1703 540 1756
812 1703 644
812 936 1703
719 1314 293
936 1766 1703
13 476 409
812 644 466
237 540 476
1756 644 1703
237 1756 540
237 1319 1865
954 1024 86
1834 1648 950
1525 1834 681
1417 1648 1834
85 1324 954
1834 950 681
84 1648 1324
461 16 409
1139 719 560
1533 890 1590
1024 317 87
1504 1024 954
389 652 1086
1290 700 1289
1024 1086 317
652 700 1086
385 88 317
1024 389 1086
232 1388 385
412 1546 356
1677 863 1292
1500 1677 950
321 863 1677
1964 950 1648
1500 1964 83
1500 950 1964
1099 1500 82
1099 1963 1500
1963 1677 1500
1598 1099 81
321 1598 224
1963 1099 1598
321 1963 1598
321 1677 1963
1603 79 328
1776 2019 70
666 815 177
509 402 695
509 44 868
509 695 46
423 666 179
2125 495 478
1869 2125 478
1158 1347 2125
11 2130 498
695 1347 1158
1347 1568 495
402 1347 695
402 1385 1568
701 423 495
815 666 701
1568 1385 815
495 1568 701
1347 402 1568
1930 423 180
1869 1158 2125
701 666 423
2125 1347 495
937 692 176
1385 937 815
701 1568 815
402 1121 1385
1385 1121 692
2130 1158 498
695 2130 48
695 1158 2130
1930 478 495
423 1930 495
2053 1930 181
742 2053 182
742 478 2053
1547 777 742
184 1841 1547
478 1930 2053
1841 777 1547
621 777 1841
187 929 944
1982 1841 185
944 1982 186
2032 621 1982
944 2032 1982
944 988 2032
1188 621 2032
1256 1188 533
1102 621 1188
1256 1224 1102
699 1588 533
1588 917 1445
614 850 1102
850 478 777
1982 621 1841
929 611 988
311 607 396
777 478 742
183 1547 742
850 614 1869
621 850 777
621 1102 850
1588 607 917
1256 1588 1445
1256 533 1588
1869 478 850
498 1869 614
498 1158 1869
988 533 1188
929 988 944
611 533 988
2098 611 929
650 672 190
583 611 672
650 583 672
1762 813 396
650 2027 583
1180 813 1762
1971 1180 2027
279 193 1960
754 845 1180
1971 192 279
1180 1971 279
650 191 1971
1577 1960 194
1960 754 1180
279 1960 1180
1577 754 1960
195 554 1577
2027 1180 1762
583 2027 1762
650 1971 2027
490 593 527
606 545 573
311 396 527
1445 917 920
1070 1445 920
1224 1256 1445
699 607 1588
311 917 607
1178 1544 1973
586 959 1494
817 845 923
845 754 923
527 845 817
813 1180 845
396 813 527
396 699 1762
813 845 527
2142 2076 1627
1178 2142 1627
1178 200 2142
687 297 631
1880 272 490
1277 1880 817
959 272 1880
923 1277 817
586 1175 959
1249 677 788
1884 394 400
643 1675 606
1665 1151 861
606 367 545
643 606 573
1675 615 1175
861 1675 1665
643 615 1675
593 1832 1813
545 1248 573
1080 773 848
1481 615 643
848 1832 643
593 490 1481
1175 586 749
1884 400 824
606 1884 367
861 394 1884
1105 1471 989
861 1884 606
1471 336 877
989 1471 877
1105 1270 1471
1423 1402 269
881 1423 472
1695 603 1674
489 1695 1423
489 1048 1695
881 489 1423
1886 1845 1049
472 1886 881
1265 1845 1886
1818 546 1705
1248 1818 1025
1644 546 1818
367 1644 545
1212 1049 1644
472 1265 1886
455 546 1049
1816 252 519
1116 1816 452
1062 252 1816
970 1062 870
970 1543 1062
1422 740 822
883 1422 822
603 1548 1422
943 648 1018
1874 822 916
252 1062 569
1236 603 1422
521 1236 883
1695 1402 1423
521 1674 1236
521 1118 1674
835 395 1642
758 395 835
2156 1408 2143
262 2035 991
1011 1408 2035
1459 395 758
1459 1018 395
991 1459 758
943 1018 1459
1624 841 254
395 1624 1377
1522 841 1624
648 1522 1018
648 916 1895
1352 740 358
1783 1352 358
1081 1783 358
1746 841 1895
916 822 1352
569 1543 1874
883 1236 1422
1624 254 1377
916 1352 1895
1746 1081 690
1522 1895 841
1783 1081 1746
749 1665 1675
1817 1092 1872
920 1092 1817
920 917 1092
1817 52 1070
311 593 1813
1365 749 586
1805 1363 1681
677 749 788
1151 677 292
1270 1151 292
394 861 1151
1365 586 631
788 1365 297
788 749 1365
1665 749 677
1151 1665 677
861 606 1675
1175 272 959
1675 1175 749
615 272 1175
848 643 573
1349 1204 638
1832 1481 643
773 1832 848
773 1813 1832
817 1880 490
527 817 490
754 554 2069
161 2059 29
212 213 1208
220 221 1642
2056 218 219
650 190 191
60 746 61
60 59 746
2117 59 58
29 965 32
32 1803 222
2026 217 218
219 220 2161
217 2110 216
1954 215 216
214 215 426
213 214 426
966 211 212
210 211 421
421 209 210
209 810 208
207 208 1280
205 2072 204
204 362 203
200 1178 199
2142 200 201
199 1973 198
66 1956 67
1070 51 50
12 1070 50
55 54 1872
1817 54 53
56 55 1872
57 56 1974
58 57 2117
1077 63 62
62 61 1821
65 1956 66
64 1199 65
70 69 1776
323 68 67
68 1715 69
2013 73 72
71 2013 72
2075 74 73
75 74 2020
64 63 1039
76 75 308
723 20 18
153 152 1428
1449 17 156
78 328 79
977 77 76
78 77 939
1500 83 82
81 1099 82
13 409 16
16 1514 142
1260 144 143
2065 147 146
2044 149 148
71 70 2019
146 145 2065
144 2113 145
143 142 1514
2104 148 147
150 149 2022
1426 151 150
1452 152 151
153 1444 154
154 609 155
156 155 1728
1597 19 17
161 162 2059
164 165 420
18 19 2015
1940 21 20
2062 118 117
116 1511 117
2091 120 119
454 121 120
123 122 2033
299 125 124
127 126 1072
1983 122 121
169 2149 168
1939 163 164
162 163 670
1331 166 167
168 2007 167
993 165 166
169 170 720
2120 126 125
879 170 171
171 172 879
174 1951 173
128 127 2055
902 172 30
173 2112 30
2047 39 38
2116 174 31
40 39 280
31 175 1808
2042 41 40
176 692 175
42 41 2042
43 42 868
9 10 2037
37 1262 38
37 9 2037
10 128 2160
918 159 158
114 2090 115
157 1435 158
157 22 1612
118 2144 119
124 123 299
1250 112 111
2157 116 115
21 1612 22
114 113 1830
159 2012 160
23 160 289
113 112 600
110 109 1986
2003 111 110
107 2137 108
1273 109 108
106 1999 107
106 105 2086
104 2054 105
103 2087 104
1959 103 102
97 1476 98
1286 102 101
24 2005 27
2005 26 27
25 26 2036
15 28 2036
24 23 1995
28 25 2036
100 430 101
711 100 99
2067 139 140
1611 14 15
141 570 140
141 14 1611
1894 138 139
137 138 1029
136 137 1113
2063 135 136
96 598 97
96 95 1474
134 135 2063
1670 92 91
93 92 1420
99 98 1334
94 1737 95
130 237 129
2043 131 132
1819 94 93
1962 132 133
134 1989 133
130 131 1319
1388 90 89
1299 91 90
317 88 87
13 129 476
89 88 385
86 1024 87
84 83 1964
954 86 85
84 1324 85
80 1598 81
1598 80 79
44 509 45
44 43 868
45 509 46
179 666 178
46 695 47
47 695 48
937 176 177
177 178 666
179 180 423
180 181 1930
181 182 2053
742 182 183
184 1547 183
184 185 1841
2130 49 48
11 49 2130
186 1982 185
11 498 12
187 944 186
929 187 188
189 2098 188
672 189 190
192 1971 191
195 1577 194
196 554 195
192 193 279
1973 197 198
1960 193 194
196 197 554
2076 202 203
201 202 2076
206 502 205
206 207 1280
222 1803 221
52 1817 53
52 51 1070
