1 51 522 1 2
51 2 2 1 1
3 1 949 1 1
4 3 545 1 2
5 4 948 1 2
6 5 967 1 1
7 6 176 1 3
8 52 93 1 1
52 7 96 1 1
2 53 1 1 1
53 8 95 1 3
9 10 1066 2 2
54 9 1065 2 1
55 54 1070 2 3
56 55 1069 2 2
57 56 1060 2 1
58 57 1063 2 3
11 58 1058 2 1
12 11 1054 2 2
59 12 1149 2 3
60 59 1147 2 3
61 60 1145 2 1
62 61 1144 2 1
63 62 1146 2 1
64 63 1143 2 3
65 64 1138 2 3
66 65 1142 2 3
67 66 1141 2 1
68 67 1137 2 2
69 68 1136 2 2
70 69 1139 2 2
71 70 1135 2 3
72 71 1140 2 3
73 72 1115 2 3
74 73 1114 2 2
13 74 1113 2 3
14 13 1112 2 2
15 14 1116 2 2
16 15 1119 2 1
17 16 1122 2 2
18 17 1126 2 2
19 18 1124 2 1
20 19 1083 2 2
75 20 1127 2 1
76 75 1084 2 1
77 76 1085 2 1
78 77 1087 2 2
79 78 1086 2 2
80 79 1089 2 3
81 80 1080 2 3
82 81 1097 2 3
83 82 1096 2 2
84 83 1088 2 3
85 84 1079 2 2
86 85 1104 2 3
87 86 1103 2 2
88 87 1078 2 3
10 88 1067 2 1
21 89 1118 3 3
89 90 1117 3 2
90 91 1120 3 2
91 92 1121 3 3
92 22 1123 3 1
22 23 1129 3 3
23 24 1125 3 1
25 21 1111 3 3
93 25 1109 3 2
94 93 1108 3 2
95 94 1110 3 3
96 95 1107 3 1
97 96 1105 3 2
98 97 1101 3 3
99 98 1100 3 2
26 99 1102 3 2
27 26 1099 3 3
28 27 1106 3 2
29 28 1098 3 2
30 29 1093 3 2
31 100 1091 3 2
100 30 1092 3 2
101 31 1090 3 1
102 101 1081 3 1
32 102 1082 3 3
33 32 1128 3 1
34 35 1132 3 2
35 36 1134 3 1
36 33 1133 3 3
24 37 1130 3 1
37 34 1131 3 2
38 103 1038 4 1
103 104 1095 4 3
104 105 1094 4 1
105 106 1075 4 2
106 107 1074 4 1
107 108 1077 4 2
108 109 1039 4 1
109 110 1076 4 3
110 111 1073 4 1
111 39 1072 4 1
39 40 1071 4 2
40 41 1068 4 1
41 42 1061 4 3
42 43 1064 4 3
43 44 1062 4 2
44 45 1059 4 3
45 46 1057 4 1
46 47 1056 4 2
47 48 1148 4 3
48 112 1055 4 2
112 49 1053 4 3
49 113 1041 4 2
113 114 1042 4 2
114 115 1051 4 1
115 116 1052 4 2
116 117 1049 4 2
117 118 1050 4 3
118 119 1048 4 1
119 120 1047 4 1
120 121 1046 4 3
121 122 1045 4 1
122 123 1044 4 3
123 50 1043 4 1
50 38 1040 4 2
