348 2 53
348 51 2
595 348 53
253 560 348
467 253 348
126 467 132
126 301 540
209 230 253
540 301 441
467 540 386
467 126 540
371 472 345
472 248 127
209 369 493
349 219 248
150 349 332
150 478 349
332 349 248
486 153 224
411 563 224
221 409 486
409 190 398
460 409 221
500 185 190
460 500 409
460 135 500
38 603 498
539 457 322
584 539 196
474 340 539
584 378 474
326 428 340
603 229 498
457 603 322
457 229 603
185 372 428
491 271 455
428 372 231
185 271 372
353 264 215
491 372 271
298 491 455
618 231 372
298 618 491
229 231 618
510 463 487
271 510 487
185 500 543
398 154 312
235 323 543
397 353 215
169 397 377
375 490 556
319 375 169
455 271 402
556 490 402
487 556 402
353 397 556
298 229 618
487 264 556
217 286 264
266 217 264
543 323 463
323 217 266
463 323 266
487 463 266
510 185 543
235 297 454
315 297 235
561 315 135
562 391 275
315 562 357
218 391 562
454 357 439
135 315 235
439 178 395
315 357 297
315 218 562
272 233 270
524 225 511
587 589 347
587 108 589
360 587 347
378 107 587
190 326 154
539 322 196
428 457 340
231 229 457
322 103 196
230 356 560
574 591 87
132 467 348
595 8 52
132 595 52
53 8 595
132 52 7
391 367 275
178 562 275
464 238 452
391 464 452
532 150 369
218 561 633
561 135 460
633 561 494
575 633 494
575 464 633
218 315 561
348 595 132
433 298 455
399 433 490
399 123 433
171 285 358
507 171 358
228 507 358
432 338 507
251 544 128
168 171 338
358 182 228
432 507 228
285 156 567
201 285 171
567 275 182
285 567 358
156 178 567
439 357 178
194 439 395
272 454 439
233 272 194
454 323 235
313 129 177
432 228 313
128 432 210
128 338 432
182 129 228
178 275 567
454 272 217
323 454 217
297 357 454
395 178 156
295 395 156
194 272 439
376 240 213
285 295 156
201 317 295
286 215 264
286 270 215
272 286 217
272 270 286
233 125 270
213 233 194
125 524 270
561 460 494
498 229 298
433 498 298
38 322 603
386 209 253
401 383 480
386 401 379
386 540 401
467 386 253
540 441 383
238 532 379
401 238 379
209 386 379
441 133 177
401 540 383
301 133 441
367 182 275
480 129 367
129 182 367
301 145 133
129 383 177
126 145 301
613 126 132
7 613 132
7 6 613
613 6 173
532 494 150
379 532 369
633 464 218
238 575 532
238 464 575
464 391 218
480 452 238
401 480 238
383 129 480
367 391 452
358 567 182
178 357 562
575 494 532
353 556 264
377 397 215
510 271 185
264 487 266
402 271 487
397 375 556
490 433 455
402 490 455
375 399 490
491 618 372
327 333 393
240 327 166
327 514 333
514 168 167
514 201 168
333 514 167
317 201 514
514 327 317
250 333 167
552 159 257
538 552 531
538 558 552
240 376 317
214 240 166
376 194 395
317 376 295
213 194 376
214 213 240
146 462 166
308 559 214
376 395 295
295 285 201
544 338 128
359 544 251
384 338 544
466 384 544
363 466 359
363 394 466
168 338 384
498 433 50
397 169 375
524 377 215
270 524 215
125 225 524
545 243 468
524 511 377
225 508 511
559 308 125
233 559 125
213 214 559
373 157 623
243 373 306
350 437 373
508 429 350
511 508 243
225 429 508
456 234 48
157 456 112
437 422 456
179 422 350
179 459 422
416 399 375
319 416 375
319 604 416
399 416 122
545 387 169
377 545 169
511 243 545
604 121 416
410 604 319
410 119 604
387 410 319
387 495 410
169 387 319
495 306 116
545 468 387
243 306 468
387 468 495
377 511 545
495 468 306
495 118 410
373 508 350
243 508 373
306 623 114
623 157 113
306 373 623
429 179 350
551 445 429
125 551 225
308 445 551
225 551 429
125 308 551
462 146 470
214 462 308
214 166 462
470 245 459
456 422 234
373 437 157
350 422 437
577 148 12
577 265 148
205 265 577
434 420 265
420 148 265
422 420 234
422 459 420
48 234 434
614 577 12
174 614 11
330 205 614
361 434 265
614 205 577
174 330 614
174 45 607
205 607 46
330 174 607
330 607 205
189 174 58
44 174 189
602 473 279
451 602 279
189 57 473
189 473 43
615 473 57
482 615 56
482 344 615
602 42 473
634 565 582
10 565 634
482 565 344
55 582 482
54 634 582
616 590 501
312 616 526
566 149 616
590 344 565
601 606 446
565 10 501
590 565 501
565 482 582
451 344 446
279 473 615
615 344 279
451 39 602
344 451 279
446 149 601
39 451 606
446 606 451
601 151 606
612 347 601
566 612 149
360 347 612
340 474 597
438 597 360
584 196 104
474 539 584
597 474 378
587 597 378
438 340 597
340 457 539
109 151 589
606 151 110
612 601 149
347 151 601
438 360 612
566 438 612
326 340 438
597 587 360
438 566 326
106 378 584
151 347 589
87 525 574
566 312 154
591 574 526
10 591 501
574 249 312
501 591 526
525 249 574
616 501 526
446 590 149
446 344 590
85 515 525
566 154 326
590 616 149
616 312 566
484 312 249
620 547 484
515 620 249
448 547 620
153 398 484
484 398 312
329 192 448
81 329 610
339 504 202
504 335 483
202 504 175
339 362 504
198 339 202
564 138 203
362 564 239
382 138 564
339 382 362
296 138 382
624 236 578
542 624 311
502 236 624
542 502 624
622 576 311
461 483 542
483 239 535
203 444 564
483 502 542
535 592 236
311 328 622
20 321 187
187 296 75
504 461 175
239 483 335
592 444 282
502 535 236
535 444 592
483 535 502
239 444 535
578 328 624
557 578 236
557 278 588
483 461 504
576 137 581
311 576 542
450 137 576
581 305 175
576 581 461
137 303 581
239 335 362
296 599 76
569 331 599
599 331 77
382 569 296
339 331 569
198 291 331
598 282 23
557 598 278
557 592 598
564 444 239
203 282 444
362 382 564
504 362 335
339 569 382
291 192 329
198 192 291
599 296 569
202 267 198
331 339 198
175 267 202
609 622 328
102 609 328
165 469 622
547 267 305
515 610 620
525 515 249
192 267 448
610 329 448
547 403 484
249 620 484
448 267 547
198 267 192
403 232 153
175 305 267
175 461 581
291 78 331
581 303 305
165 609 101
622 450 576
630 469 165
274 586 469
80 291 329
630 274 469
30 449 629
630 165 31
629 630 100
629 274 630
328 311 624
165 622 609
469 450 622
586 627 469
449 586 274
288 626 627
576 461 542
430 262 130
608 430 134
458 608 134
396 255 608
585 262 430
608 585 430
255 405 585
458 392 396
162 232 405
305 405 403
611 390 303
450 627 137
627 626 611
262 585 405
405 255 162
403 405 232
303 262 405
625 262 303
390 625 303
390 583 625
130 320 430
152 247 140
534 247 141
563 486 224
349 563 219
221 486 563
224 413 548
190 409 500
428 231 457
190 428 326
190 185 428
610 448 620
83 610 515
449 274 629
632 288 586
523 127 248
513 518 142
354 127 518
418 307 158
492 345 307
244 287 199
244 371 287
560 253 230
51 560 1
51 348 560
369 150 332
493 369 332
209 379 369
632 449 506
28 621 506
418 158 269
199 492 366
492 307 418
366 492 418
287 345 492
356 230 371
337 621 188
183 144 246
519 381 246
617 579 208
337 617 208
211 341 617
605 516 341
516 583 341
155 277 183
571 471 147
3 619 4
619 244 571
619 356 244
4 619 571
3 356 619
309 366 289
354 158 307
127 354 307
513 284 419
527 259 628
400 527 292
400 419 580
527 580 259
435 400 276
594 354 513
142 534 343
313 210 432
129 313 228
177 389 313
489 255 396
252 188 26
155 252 99
155 183 252
140 162 489
526 574 312
183 381 252
193 237 277
280 363 364
160 517 541
554 359 200
424 481 554
364 363 415
503 394 280
394 384 466
605 161 320
631 519 211
246 161 519
423 246 144
442 423 144
227 380 423
380 261 180
423 380 246
227 261 380
316 227 423
206 316 170
573 325 346
206 520 316
206 404 520
261 458 180
368 256 124
222 368 160
546 404 436
497 546 436
222 412 546
134 430 320
625 130 262
137 611 303
579 341 583
626 579 583
611 626 390
288 579 626
288 208 579
627 586 288
137 627 611
450 469 627
579 617 341
621 337 506
27 188 621
605 519 161
516 605 320
211 519 605
337 188 631
506 337 208
632 506 208
288 632 208
586 449 632
449 29 506
188 381 631
381 183 246
631 381 519
617 631 211
617 337 631
188 252 381
442 316 423
277 442 144
237 304 528
583 130 625
626 583 390
516 130 583
211 605 341
320 130 516
180 320 161
180 134 320
184 277 155
98 184 155
596 95 355
568 596 355
568 593 596
442 170 316
277 237 442
183 277 144
184 193 277
97 593 184
21 553 550
414 260 207
572 355 260
304 241 212
496 528 212
237 568 304
237 193 568
355 164 260
568 355 241
304 568 241
593 96 596
193 593 568
193 184 593
94 164 355
374 314 299
550 374 318
164 550 318
181 314 374
572 414 212
355 572 241
260 414 572
427 314 216
536 299 427
505 226 443
499 407 408
136 226 407
299 290 260
299 263 290
318 299 260
164 318 260
164 25 550
427 216 14
318 374 299
181 216 314
522 136 290
73 226 522
496 206 170
528 496 170
223 436 496
342 223 496
414 342 212
241 572 212
499 408 388
207 499 414
207 407 499
207 136 407
256 368 497
443 71 268
263 537 290
290 136 207
260 290 207
537 74 522
290 537 522
263 13 537
374 550 181
447 553 89
90 336 447
16 254 186
216 181 324
536 13 263
299 536 263
427 14 536
299 314 427
15 216 254
447 324 181
336 283 447
324 254 216
553 447 181
550 553 181
283 254 324
283 186 254
186 352 17
283 336 479
321 479 163
336 91 302
479 336 302
283 324 447
352 321 19
479 352 186
283 479 186
302 163 479
479 321 352
163 187 321
533 282 203
92 533 302
22 282 533
138 187 163
138 296 187
533 163 302
32 328 578
138 163 203
588 278 600
578 588 32
578 557 588
592 557 236
592 282 598
163 533 203
598 23 600
278 598 600
588 600 33
392 242 131
261 258 458
161 380 180
549 316 520
549 227 316
325 573 520
421 227 549
161 246 380
424 200 293
426 424 300
465 426 300
370 334 426
530 365 412
554 530 415
481 365 530
426 481 424
334 346 481
481 325 365
488 421 573
573 549 520
488 573 346
421 549 573
404 546 412
325 404 365
497 223 425
222 546 368
436 223 497
206 436 404
206 496 436
521 139 389
133 521 389
289 435 276
521 276 139
513 354 518
284 513 142
594 269 354
419 594 513
419 400 594
580 419 284
343 580 284
527 400 580
400 435 594
435 269 594
521 289 276
289 366 435
145 309 133
435 366 418
158 354 269
492 199 287
269 435 418
309 199 366
133 309 289
145 173 406
523 248 219
411 523 219
518 127 523
555 310 152
131 555 140
273 310 555
370 426 465
242 370 273
334 481 426
242 258 488
346 325 481
555 152 140
370 465 570
351 141 152
570 351 310
273 570 310
628 259 476
465 628 570
465 527 628
476 141 351
570 628 351
259 343 476
242 273 555
131 242 555
392 258 242
489 392 131
140 489 131
162 255 489
458 134 180
392 458 258
396 608 458
489 396 392
255 585 608
424 293 300
518 523 534
413 247 548
232 413 224
162 140 413
152 141 247
310 351 152
351 628 476
273 370 570
300 527 465
300 292 527
488 258 421
370 488 334
370 242 488
293 529 300
251 293 200
251 417 293
276 400 292
343 141 476
580 343 259
284 142 343
534 142 518
411 548 523
141 343 534
460 478 494
543 500 135
235 543 135
463 510 543
478 150 494
221 478 460
221 349 478
398 153 486
154 398 190
398 486 409
563 349 221
563 411 219
232 224 153
405 305 303
484 403 153
547 305 403
162 413 232
413 140 247
548 247 534
523 548 534
411 224 548
268 143 485
443 268 172
509 505 172
226 72 443
70 143 268
145 406 309
251 128 417
529 293 417
292 529 139
292 300 529
384 167 168
200 359 251
404 325 520
415 530 364
554 200 424
530 554 481
415 359 554
276 292 139
517 160 195
503 517 197
541 222 160
280 541 517
280 364 541
364 222 541
359 415 363
412 222 364
530 412 364
365 404 412
368 546 497
421 258 261
227 421 261
346 334 488
499 342 414
425 388 408
475 425 408
407 475 408
172 176 509
256 497 425
425 223 388
496 212 342
528 442 237
212 528 304
170 442 528
195 160 124
440 204 124
503 250 394
517 503 280
558 538 250
197 558 503
197 477 558
220 477 195
394 167 384
280 394 363
250 167 394
159 552 558
531 257 385
195 197 517
220 204 294
124 204 195
294 143 281
168 201 171
544 359 466
317 327 240
531 385 453
445 179 429
462 445 308
462 470 445
559 233 213
173 145 126
4 571 5
356 3 1
560 356 1
244 471 571
371 244 356
493 472 371
209 493 230
332 472 493
345 287 371
472 127 345
230 493 371
332 248 472
127 307 345
199 406 471
210 313 389
417 210 139
529 417 139
128 210 417
507 338 171
147 6 5
177 383 441
389 177 133
289 521 133
139 210 389
480 367 452
173 6 147
406 173 147
471 406 147
5 571 147
244 199 471
199 309 406
126 613 173
425 475 509
509 475 505
440 509 176
440 256 509
342 499 388
505 443 172
407 505 475
407 226 505
522 226 136
368 124 160
342 388 223
440 124 256
425 509 256
176 204 440
485 294 176
268 485 172
143 294 485
431 281 67
68 281 143
477 220 431
558 477 159
197 195 477
485 176 172
220 294 281
204 176 294
204 220 195
431 512 477
281 431 220
65 257 512
166 393 453
512 257 159
477 512 159
431 66 512
453 191 146
64 385 257
191 245 146
459 60 148
361 265 205
46 361 205
434 234 420
47 434 361
459 148 420
470 459 179
445 470 179
146 245 470
245 61 459
157 437 456
453 385 191
166 453 146
531 552 257
393 531 453
558 250 503
393 538 531
393 333 538
327 393 166
333 250 538
63 191 385
191 62 245
322 38 103
589 108 109
38 498 50
113 157 49
114 623 113
433 123 50
122 123 399
416 121 122
120 121 604
604 119 120
410 118 119
117 495 116
117 118 495
306 114 115
116 306 115
112 49 157
11 614 12
112 456 48
47 361 46
607 45 46
174 11 58
44 45 174
615 57 56
41 42 602
44 189 43
58 57 189
42 43 473
634 54 9
10 634 9
591 10 88
602 40 41
55 482 56
55 54 582
40 602 39
606 111 39
606 110 111
378 106 107
106 584 105
109 110 151
108 587 107
88 87 591
84 515 85
81 80 329
609 102 101
32 102 328
19 321 20
296 76 75
599 77 76
78 291 79
77 331 78
84 83 515
80 79 291
165 101 31
100 630 31
30 629 100
29 449 30
584 104 105
103 104 196
82 610 83
82 81 610
28 506 29
27 26 188
98 155 99
98 97 184
99 252 26
86 525 87
86 85 525
96 593 97
27 621 28
596 96 95
93 164 94
25 164 93
95 94 355
25 21 550
13 536 14
13 74 537
73 522 74
73 72 226
14 216 15
90 447 89
21 89 553
254 16 15
91 336 90
91 92 302
16 186 17
533 92 22
352 19 18
600 23 24
17 352 18
187 75 20
588 33 32
22 23 282
600 24 37
34 600 37
35 600 34
36 33 600
600 35 36
71 70 268
68 143 69
67 281 68
65 64 257
69 143 70
72 71 443
431 67 66
66 65 512
64 63 385
245 62 61
459 61 60
191 63 62
60 59 148
47 48 434
59 12 148
