# n1, n2, eL, index, fL for each boundary edge
# n1, n2 = two nodes that define the edge
# eL = element next to the boundary edge
# index = boundary group index: farfield(1), main(2), slat(3), flap(4)
# fL = local edge number in eL
#      note: local edge f is opposite local node f
1 46 984 1 3
46 2 16 1 1
3 1 980 1 2
4 3 1016 1 1
5 4 1880 1 1
6 5 1888 1 3
7 6 1857 1 1
8 47 1837 1 2
47 7 18 1 2
2 8 1836 1 1
9 10 2037 2 1
48 9 2038 2 3
49 48 2061 2 3
50 49 2060 2 2
51 50 2054 2 2
52 51 2065 2 1
53 52 2067 2 2
54 53 2064 2 3
55 54 2074 2 2
11 55 2073 2 1
12 11 2033 2 2
56 12 2036 2 1
57 56 2031 2 1
58 57 2090 2 1
59 58 2029 2 3
60 59 2032 2 1
61 60 2028 2 3
62 61 2030 2 2
63 62 2026 2 2
64 63 2027 2 3
65 64 2025 2 1
66 65 2022 2 1
67 66 2024 2 1
68 67 2023 2 1
69 68 2111 2 3
70 69 2021 2 3
71 70 2020 2 3
72 71 2019 2 2
73 72 2110 2 1
74 73 1999 2 1
75 74 2000 2 3
76 75 1998 2 2
77 76 2018 2 3
78 77 1997 2 3
79 78 1995 2 1
13 79 1996 2 3
14 13 1994 2 1
15 14 1989 2 3
16 15 1986 2 2
17 16 1985 2 1
18 17 1988 2 3
19 18 1976 2 2
80 19 1974 2 2
81 80 1973 2 2
82 81 1972 2 3
83 82 1969 2 1
84 83 1970 2 3
85 84 1971 2 3
86 85 1968 2 2
87 86 1975 2 1
88 87 1967 2 3
89 88 1966 2 2
90 89 1964 2 3
91 90 1961 2 3
92 91 1963 2 1
93 92 2039 2 1
94 93 2041 2 2
95 94 2040 2 1
96 95 1958 2 2
97 96 2042 2 3
98 97 2043 2 1
99 98 2044 2 3
100 99 2058 2 1
10 100 2059 2 2
20 101 1992 3 2
101 102 1993 3 3
102 103 1991 3 1
103 104 1990 3 2
104 21 1987 3 1
21 22 1984 3 1
22 23 1978 3 3
24 20 2016 3 2
105 24 2015 3 2
106 105 2014 3 2
107 106 2017 3 3
108 107 2013 3 1
109 108 2011 3 1
110 109 2012 3 3
111 110 2009 3 2
112 111 2010 3 2
113 112 2008 3 1
25 113 2007 3 1
26 25 1959 3 3
27 26 2006 3 3
28 27 2001 3 1
29 28 2002 3 3
114 30 1962 3 3
115 114 2005 3 3
116 115 2004 3 2
117 116 1965 3 1
31 117 2003 3 2
30 29 1960 3 2
32 31 1983 3 3
33 34 1981 3 2
34 35 1980 3 3
35 32 1977 3 1
23 36 1979 3 3
36 33 1982 3 2
37 118 2045 4 1
118 119 1957 4 2
119 120 2046 4 3
120 121 2047 4 2
121 122 2049 4 1
122 123 2048 4 1
123 124 2050 4 1
124 125 2051 4 2
125 126 2052 4 3
126 127 2057 4 3
127 38 2053 4 2
38 39 2055 4 3
39 40 2063 4 1
40 41 2056 4 3
41 42 2062 4 2
42 43 2068 4 1
43 44 2070 4 2
44 128 2069 4 1
128 129 2066 4 2
129 130 2071 4 1
130 131 2072 4 2
131 132 2075 4 3
132 133 2076 4 3
133 134 2077 4 1
134 135 2078 4 2
135 136 2086 4 2
136 137 2087 4 2
137 138 2088 4 2
138 139 2079 4 3
139 140 2080 4 3
140 141 2035 4 2
141 142 2081 4 1
142 143 2034 4 1
143 144 2082 4 1
144 145 2091 4 1
145 146 2084 4 2
146 147 2085 4 3
147 148 2083 4 1
148 149 2089 4 2
149 150 2092 4 1
150 151 2093 4 2
151 152 2094 4 2
152 153 2095 4 2
153 154 2096 4 2
154 155 2097 4 3
155 156 2098 4 2
156 157 2099 4 1
157 158 2100 4 1
158 159 2101 4 1
159 160 2102 4 3
160 161 2104 4 3
161 162 2103 4 1
162 163 2105 4 3
163 164 2112 4 2
164 165 2106 4 1
165 166 2113 4 2
166 167 2107 4 1
167 168 2108 4 2
168 169 2109 4 1
169 170 2114 4 2
170 45 2115 4 3
45 37 2116 4 3
