699 710 672
552 994 917
800 552 206
353 348 206
470 781 879
727 654 707
506 693 371
739 526 701
377 522 822
38 397 415
708 443 984
500 1074 187
493 635 708
816 865 541
383 871 489
761 46 2
718 607 761
7 718 47
1030 191 842
344 377 822
661 344 607
772 661 607
367 669 946
772 367 661
718 772 607
718 842 772
840 724 295
268 226 377
661 901 344
826 693 197
677 226 268
710 956 447
826 197 502
1041 693 226
677 1041 226
677 599 1041
506 197 693
371 698 506
447 956 371
336 994 956
727 552 800
654 727 183
707 552 727
768 707 654
994 336 917
698 994 707
698 956 994
371 956 698
994 552 707
783 864 551
817 537 583
381 864 460
838 646 537
686 838 817
686 775 838
609 598 281
1111 609 281
458 1111 281
585 262 1111
1003 1141 631
838 537 817
609 804 598
1003 497 646
1084 497 631
1119 558 1084
569 1119 382
1121 558 1119
569 1121 1119
569 790 1121
444 1005 558
864 817 460
893 775 686
918 893 686
776 458 893
286 776 389
458 775 893
598 646 838
1005 537 497
1005 583 537
392 490 444
947 292 502
412 947 490
412 549 947
741 654 214
858 741 214
721 912 741
460 721 381
912 197 768
894 303 348
27 871 760
760 383 1097
518 1048 89
252 622 628
478 720 440
720 913 1071
650 720 478
1071 289 184
1048 1071 184
913 1014 1071
794 913 720
635 493 1014
443 708 189
1074 500 95
777 1074 94
777 708 1074
1138 91 588
289 1138 588
1061 91 1138
493 1061 289
854 92 1061
1139 1056 30
1066 538 1139
451 189 298
451 443 189
740 451 298
781 470 621
398 781 451
398 183 879
765 544 722
451 621 443
396 740 298
879 183 727
470 879 800
781 398 879
1127 300 1025
1029 1127 413
1029 385 1127
1094 567 385
450 927 567
411 722 394
927 300 567
765 375 544
411 765 722
473 984 765
738 321 516
544 738 421
544 302 738
940 877 886
309 940 886
642 1123 940
1083 594 1092
231 1104 1132
369 594 1083
635 641 189
1014 913 635
289 1014 493
289 1071 1014
809 622 877
641 913 794
478 628 650
518 1067 440
809 319 235
701 809 235
794 650 809
1092 1009 288
319 1092 235
319 1083 1092
596 1083 319
809 877 319
596 231 1132
1092 288 1137
386 1009 594
1077 538 1064
795 386 369
1125 795 369
1132 1125 369
945 117 1125
539 115 799
760 1139 29
1058 1056 538
799 114 1056
1058 799 1056
1081 1058 538
1081 795 1058
795 539 799
777 854 1063
777 93 854
588 184 289
1061 1138 289
89 184 588
1071 440 720
89 1048 184
518 440 1048
405 660 86
570 1067 518
580 676 405
328 628 1067
1035 1044 887
759 360 309
980 969 759
676 980 328
614 969 980
614 831 969
883 779 181
883 782 779
832 883 175
832 881 883
696 225 782
580 614 676
1016 580 405
86 1016 405
1044 83 1079
969 985 225
887 831 614
985 779 225
1079 985 831
207 779 985
887 580 1035
831 887 1044
614 580 887
360 759 969
676 570 405
980 676 614
328 570 676
81 181 207
175 181 80
1079 207 985
1044 1079 831
82 207 1079
991 546 1034
881 991 705
907 247 991
1035 1016 85
1044 1035 84
580 1016 1035
181 779 207
650 794 720
913 641 635
622 809 650
701 641 794
526 189 641
886 252 309
809 701 794
628 328 252
650 628 622
1067 570 328
478 1067 628
478 440 1067
518 660 570
570 660 405
518 88 660
1012 940 1123
519 1055 366
899 940 1012
319 877 899
940 309 642
622 886 877
622 252 886
759 309 252
328 759 252
225 696 1073
1073 566 642
309 1073 642
360 225 1073
899 231 596
319 899 596
877 940 899
1028 696 881
1118 568 1011
1055 845 1104
1012 1055 231
519 845 1055
519 543 1082
1125 117 539
1055 1012 366
31 1118 1011
1068 1011 568
1124 1068 568
891 1124 568
1068 35 1011
1082 543 1037
891 1082 860
891 845 1082
1118 845 568
945 1118 31
945 1104 1118
566 543 366
1123 566 366
1012 1123 366
642 566 1123
231 899 1012
309 360 1073
976 175 194
976 832 175
546 991 247
991 832 907
881 782 883
991 881 832
1028 566 696
705 1028 881
705 1037 1028
1073 696 566
883 181 175
225 779 782
980 759 328
985 969 831
225 360 969
1068 1124 23
1113 833 21
1124 1113 22
860 833 1113
891 860 1124
845 891 568
845 519 1082
543 1028 1037
366 543 519
1037 833 860
1082 1037 860
705 488 1037
488 21 833
17 355 737
1124 860 1113
881 696 782
833 1037 488
543 566 1028
1034 424 103
991 1034 488
546 424 1034
705 991 488
247 449 546
1105 717 414
15 717 1105
737 919 18
487 737 355
487 247 737
976 194 188
919 976 188
907 832 976
194 19 188
919 907 976
18 919 188
737 247 919
175 80 194
269 424 546
792 284 787
355 1105 414
986 514 284
15 986 717
488 1034 104
602 290 101
269 602 424
269 787 618
514 986 14
787 284 310
792 414 717
284 792 717
787 449 792
546 449 269
487 355 414
247 487 449
247 907 919
355 16 1105
602 102 424
787 269 449
414 792 449
310 618 787
514 461 766
717 986 284
967 644 461
293 967 514
293 915 967
618 602 269
766 618 310
290 602 618
487 414 449
293 514 14
439 212 427
742 461 714
173 212 439
915 314 888
332 788 13
332 240 788
766 310 284
514 766 284
461 742 766
967 461 514
915 644 967
13 915 293
788 314 915
888 173 714
915 888 644
314 173 888
742 439 290
766 742 618
714 439 742
644 714 461
644 888 714
439 20 290
753 788 240
374 625 452
332 374 240
704 76 241
981 704 193
625 77 704
981 193 216
692 981 216
218 704 981
704 241 193
594 1009 1092
1018 496 1097
288 1064 507
1064 496 1018
795 799 1058
1066 1139 760
1022 1069 354
1137 1022 354
235 1137 354
235 1092 1137
507 255 1022
1018 255 507
1081 386 795
1077 1081 538
1077 386 1081
288 1077 1064
1009 386 1077
1066 760 496
1064 1066 496
538 1056 1139
507 1022 1137
1064 1018 507
1009 1077 288
538 1066 1064
255 620 1069
1100 1093 215
418 1100 215
932 828 1100
1049 685 1046
481 1049 1046
904 611 1049
454 904 600
611 685 1049
932 1100 418
600 559 454
285 1027 559
600 285 559
536 904 454
481 964 600
983 756 481
1006 1135 196
365 756 983
318 199 964
199 591 648
1104 231 1055
1118 1104 845
945 1125 1104
1132 1083 596
1125 1132 1104
369 1083 1132
539 795 1125
386 594 369
536 611 904
1048 440 1071
822 522 1060
761 822 46
607 344 822
268 377 344
432 292 522
226 432 377
292 549 522
826 502 292
226 826 432
226 693 826
549 379 522
947 549 292
412 291 549
1007 489 535
871 688 489
760 871 383
613 388 372
910 756 592
709 910 372
709 716 910
592 541 613
816 541 592
489 816 535
489 688 865
1109 578 819
865 1109 541
324 578 1109
646 497 537
1003 631 497
804 1003 646
1141 203 382
804 1141 1003
804 609 1141
598 804 646
609 203 1141
1084 558 497
382 1084 631
382 1119 1084
569 920 653
392 412 490
1141 382 631
858 214 740
278 905 396
381 741 858
1093 1000 454
215 1093 559
828 1000 1093
982 828 678
1000 536 454
605 1000 828
605 536 1000
605 278 445
536 605 327
1093 454 559
354 1006 327
932 418 1102
828 932 1102
828 1093 1100
1027 1032 215
982 896 551
605 982 278
678 896 982
1042 1040 678
1032 1042 418
208 1040 1042
402 823 749
803 402 208
1040 896 678
1040 749 896
270 513 1116
507 1137 288
196 685 1006
327 235 354
611 536 327
1006 685 611
198 1101 354
1101 1135 1006
354 1101 1006
198 616 1101
904 1049 600
327 1006 611
1049 481 600
196 1046 685
196 983 1046
526 298 189
739 445 526
235 739 701
605 445 739
278 396 445
1097 977 255
760 1097 496
383 977 1097
26 688 871
1131 535 365
977 1007 620
977 383 1007
923 695 557
709 902 318
417 695 902
265 528 564
591 786 416
610 503 629
951 610 629
250 951 263
564 308 951
308 305 637
373 338 430
957 275 689
510 850 962
510 767 850
438 391 238
338 373 606
296 276 320
719 296 232
725 719 232
209 343 719
343 243 296
719 343 296
885 182 573
476 885 477
209 182 885
243 689 276
296 243 276
689 275 276
671 689 243
420 957 689
671 420 689
962 504 1090
510 962 313
957 420 996
275 957 850
996 561 504
957 996 962
200 561 996
1126 483 843
233 1126 482
233 1052 1126
719 182 209
819 467 694
112 856 578
856 467 819
1098 664 534
110 352 1098
664 304 534
856 1098 534
352 472 730
657 223 312
540 1053 312
505 870 657
870 442 657
172 687 229
172 347 687
347 307 908
250 384 172
908 223 442
347 908 442
307 821 908
862 304 730
908 821 862
331 304 821
417 372 331
347 695 307
902 709 417
756 910 716
964 481 716
648 964 199
648 285 964
1004 324 978
578 1004 113
578 324 1004
856 819 578
534 467 856
819 694 1109
331 388 304
592 365 535
816 592 535
716 318 964
756 716 481
1046 983 481
365 592 756
709 318 716
613 372 910
372 417 709
1131 1007 535
620 1131 616
620 1007 1131
865 324 1109
489 865 816
688 978 865
694 467 388
541 694 613
541 1109 694
307 417 331
592 613 910
1069 198 354
255 1069 1022
620 198 1069
983 616 365
1135 1101 616
983 1135 616
983 196 1135
1098 856 111
388 467 304
388 613 694
648 416 773
600 964 285
591 416 648
923 979 199
786 380 416
979 786 591
199 979 591
557 629 979
430 380 786
1116 419 783
551 1116 783
896 749 1116
348 303 800
800 303 470
206 348 800
329 353 206
1095 810 952
733 1095 217
733 869 1095
329 619 997
880 341 498
997 619 880
745 997 615
745 329 997
301 810 615
353 329 745
329 221 619
952 301 1089
869 810 1095
930 894 733
348 353 869
745 615 810
302 375 470
361 1024 171
727 800 879
302 470 303
621 451 781
375 621 470
375 765 984
398 214 183
526 445 298
708 635 189
739 327 605
641 701 526
235 327 739
740 214 398
451 740 398
396 858 740
445 396 298
278 551 905
1040 402 749
1102 1042 678
828 1102 678
418 1042 1102
208 402 1040
1045 248 1059
893 918 389
783 419 918
686 783 918
905 551 864
858 905 381
858 396 905
982 605 828
1116 513 419
823 270 749
820 803 773
575 806 531
283 823 806
513 270 283
575 513 283
806 575 283
843 222 513
531 843 575
531 1126 843
820 773 416
482 820 764
806 803 820
823 803 806
270 823 283
402 803 823
208 773 803
482 1126 531
222 419 513
222 1002 419
438 338 391
438 380 338
482 438 238
764 380 438
1027 648 773
1032 1027 773
215 559 1027
1027 285 648
786 979 629
337 286 389
1045 337 389
918 1045 389
918 248 1045
1136 483 1126
1045 1059 337
248 1002 1059
1002 248 419
483 1002 222
483 1059 1002
843 483 222
1136 1052 286
483 1136 1059
1126 1052 1136
1005 490 583
558 1005 497
444 490 1005
690 721 460
1129 281 598
1129 775 281
838 1129 598
838 775 1129
893 389 776
918 419 248
864 783 686
817 864 686
381 905 864
1116 749 270
551 896 1116
551 278 982
286 458 776
337 1136 286
1111 262 609
286 1052 458
233 238 936
707 768 698
381 721 741
768 506 698
741 912 654
197 506 768
664 1098 352
384 347 172
557 384 263
951 629 263
923 318 902
695 417 307
557 695 384
923 199 318
695 923 902
557 979 923
384 695 347
331 821 307
862 312 223
908 862 223
821 304 862
664 730 304
664 352 730
467 534 304
474 780 1076
862 730 312
730 472 312
352 109 472
457 474 105
346 780 474
1086 971 282
505 657 1053
474 1076 106
971 505 1053
1076 472 108
346 971 780
312 472 540
564 528 643
643 528 435
610 951 308
250 265 564
1057 466 659
829 1057 590
667 466 1057
265 667 528
265 972 667
172 265 250
643 249 305
564 643 308
435 249 643
675 242 873
829 590 675
736 553 325
1057 659 590
746 495 670
659 746 670
746 972 769
873 491 395
974 873 656
242 491 873
427 457 24
457 346 474
427 988 457
212 560 988
173 560 212
533 874 220
1053 657 312
780 1053 540
780 971 1053
1076 780 540
472 1076 540
346 282 971
704 218 625
714 173 439
13 788 915
410 282 346
240 452 753
452 218 805
560 753 410
240 374 452
78 374 332
452 805 410
625 218 452
77 625 374
769 495 746
687 769 229
505 495 769
223 657 442
282 874 1086
981 220 218
533 670 495
874 533 495
1086 874 495
505 1086 495
505 971 1086
282 805 874
928 553 736
659 928 736
670 771 928
771 608 928
533 771 670
692 216 771
216 521 608
805 282 410
220 805 218
220 874 805
427 20 439
290 618 742
937 683 755
72 937 755
254 938 937
988 346 457
212 988 427
410 346 988
241 74 480
325 813 751
736 325 242
590 736 242
659 670 928
590 659 736
521 480 953
953 480 683
193 521 216
813 849 938
953 683 849
553 953 849
608 521 953
480 74 755
751 246 889
1070 954 744
484 1070 65
484 954 1070
950 791 422
744 950 944
390 791 950
315 797 358
944 67 744
390 950 744
422 179 944
748 370 639
556 542 456
260 577 456
423 743 468
556 802 732
959 499 626
548 370 748
673 548 542
464 349 548
306 464 673
349 532 548
987 260 456
279 987 205
279 272 987
230 356 260
662 271 279
433 662 279
261 655 662
682 407 511
525 682 511
562 520 839
616 1131 365
198 620 616
1007 383 489
255 977 620
255 1018 1097
978 324 865
26 978 688
25 1004 978
388 331 372
912 690 197
654 912 768
721 690 912
583 690 460
583 502 690
947 502 583
292 432 826
251 920 203
549 291 379
583 460 817
947 583 490
502 197 690
1020 463 712
412 1020 291
876 463 1020
392 876 412
392 501 876
569 653 790
558 1121 444
920 251 966
653 920 612
382 203 920
501 814 876
339 509 926
191 6 409
379 943 3
379 291 943
1 1060 3
522 377 432
1060 522 379
3 1060 379
1 46 1060
1060 46 822
926 251 998
793 966 509
966 612 920
509 966 926
793 612 966
814 612 793
920 569 382
501 653 612
501 392 790
814 501 612
463 814 378
463 876 814
790 444 1121
501 790 653
392 444 790
458 1052 1111
775 458 281
1052 233 585
1111 1052 585
1136 337 1059
482 238 233
513 575 843
1032 208 1042
215 1032 418
773 208 1032
764 820 416
820 531 806
868 510 875
262 868 572
585 233 868
943 4 3
712 943 291
712 409 943
1020 712 291
409 5 943
480 521 193
975 232 706
827 1010 975
435 827 249
811 630 1010
645 916 725
687 347 442
747 254 70
246 747 179
246 938 747
747 69 179
484 277 954
649 227 358
479 468 277
959 743 802
326 959 802
626 468 959
477 999 177
626 729 227
477 885 999
729 916 469
326 999 499
916 645 259
182 725 573
182 719 725
626 227 468
468 743 959
499 729 626
630 935 259
315 358 469
935 315 469
259 935 469
630 656 935
645 975 1010
675 590 242
974 675 873
630 974 656
811 675 974
1010 827 811
259 1010 630
259 645 1010
435 829 811
829 528 667
811 829 675
435 528 829
422 246 179
306 963 63
656 825 935
811 974 630
825 797 315
395 825 656
395 791 825
873 395 656
325 491 242
889 246 422
325 751 491
325 553 813
791 797 825
649 358 390
468 649 277
468 227 649
227 469 358
743 423 732
479 423 468
484 479 277
1070 744 66
649 954 277
390 744 954
963 673 423
484 963 479
306 673 963
306 349 464
349 306 62
60 494 532
556 456 577
987 350 205
326 802 177
673 464 548
732 673 542
423 479 963
350 987 456
808 387 429
906 970 429
633 387 808
64 963 484
542 748 456
748 350 456
548 748 542
639 350 748
393 639 370
406 433 639
929 834 406
393 929 639
713 834 929
228 335 406
532 370 548
61 532 349
494 393 532
527 393 494
734 529 968
245 734 680
408 529 734
713 929 527
968 713 527
316 834 713
834 228 406
639 929 406
911 668 550
316 911 834
316 892 911
429 387 57
970 515 808
219 623 359
362 903 623
903 818 299
515 903 431
515 623 903
387 494 59
393 370 532
582 906 12
210 762 906
906 429 12
210 906 582
359 970 906
342 362 623
633 527 494
387 633 494
515 431 633
680 431 245
808 515 633
970 359 623
515 970 623
808 429 970
968 529 713
633 968 527
680 734 968
431 680 633
245 376 898
762 210 201
267 762 201
1023 1051 10
425 48 1051
1063 854 1061
493 1063 1061
493 777 1063
1074 708 187
493 708 777
187 1110 500
1110 323 97
1026 1110 187
264 323 1110
500 1110 97
264 98 323
984 187 708
984 473 187
621 984 443
621 375 984
1026 264 1110
473 1026 187
524 990 1087
411 524 473
411 394 1047
927 421 300
722 927 450
722 544 927
302 544 375
302 321 738
914 844 674
425 1023 674
1117 394 345
853 1047 914
853 411 1047
411 853 524
1047 1117 1115
722 450 394
473 765 411
544 421 927
1008 397 565
1117 1008 545
345 1094 1008
1087 264 1026
100 1087 990
1087 99 264
684 340 1108
453 684 632
517 119 1015
758 517 684
750 758 453
750 867 758
750 934 867
1015 340 684
517 1015 684
340 1015 120
684 273 632
361 1062 703
778 122 1062
516 321 930
453 632 1043
171 738 516
273 1108 361
340 120 778
1024 300 421
171 1024 421
361 703 1024
1108 778 1062
684 1108 273
340 778 1108
1062 1112 703
1062 122 1112
1062 361 1108
413 703 1112
1025 300 1024
413 1025 703
413 1127 1025
413 1112 124
1025 1024 703
1127 385 567
300 1127 567
126 385 1029
1026 524 1087
415 385 126
397 1008 415
921 258 403
941 921 403
890 846 1036
890 1036 921
1008 565 545
397 258 565
1094 415 1008
450 345 394
273 361 171
425 830 48
1103 397 39
1103 403 258
40 595 1103
473 524 1026
1094 345 450
567 1094 450
385 415 1094
413 124 1029
853 990 524
853 1023 990
425 674 830
1036 565 258
921 1036 258
846 545 1036
830 846 50
830 844 846
1115 844 1047
846 1115 545
846 844 1115
1023 853 914
674 1023 914
10 990 1023
1036 545 565
425 1051 1023
914 1047 844
1117 345 1008
1115 1117 545
1047 394 1117
830 674 844
50 846 890
941 42 634
485 357 711
652 890 581
403 1103 595
258 397 1103
890 921 581
581 634 752
941 403 595
41 941 595
634 581 941
726 652 471
658 726 471
604 658 266
658 1031 351
652 581 471
652 51 890
44 485 841
581 921 941
841 634 43
711 752 841
1031 711 357
351 1031 357
471 752 1031
752 634 841
1031 752 711
471 581 752
711 841 485
351 357 861
129 455 861
1038 351 202
726 53 652
1013 455 130
401 836 1013
202 351 861
257 604 266
861 485 128
202 861 455
357 485 861
1107 1065 210
257 1107 582
266 1065 1107
658 471 1031
266 658 351
604 726 658
55 604 257
54 726 604
933 401 448
202 836 1038
202 455 1013
1013 131 401
1096 448 785
201 1096 330
933 448 1096
1065 933 1096
210 1065 201
266 1038 1065
1038 836 933
1065 1038 933
266 351 1038
202 1013 836
1065 1096 201
131 448 401
785 330 1096
132 785 448
933 836 401
785 133 330
582 1107 210
134 691 547
1107 257 266
691 627 547
571 691 135
571 882 691
330 547 267
330 133 547
492 571 136
213 342 426
11 257 582
762 267 627
691 882 627
359 906 762
201 330 267
1106 492 137
1106 138 213
426 1106 213
426 492 1106
818 973 239
1080 140 973
317 1080 973
317 213 1080
973 142 239
903 299 431
317 818 362
239 299 818
376 245 431
280 376 299
280 1120 851
280 146 1120
317 342 213
139 1080 213
762 882 359
547 627 267
882 219 359
627 882 762
571 219 882
492 426 571
426 219 571
342 219 426
973 818 317
342 623 219
317 362 342
299 376 431
1130 299 239
362 818 903
1120 148 924
280 1130 145
662 931 261
527 929 393
851 376 280
995 459 408
924 851 1120
1072 924 149
995 898 851
1072 995 924
848 459 995
299 1130 280
239 143 1130
848 995 1072
151 1122 1072
995 408 898
152 1075 1122
153 1078 1075
333 550 681
584 287 334
601 942 334
446 681 668
909 757 824
892 316 428
681 550 668
824 681 446
192 909 446
757 638 824
185 333 681
939 228 834
333 939 550
333 931 939
335 433 406
892 428 486
584 892 287
668 911 892
446 668 584
550 939 911
713 529 316
486 287 892
408 486 428
408 459 486
529 408 428
316 529 428
968 633 680
898 376 851
1122 848 1072
1075 847 1122
847 848 1122
770 847 1078
847 459 848
1078 847 1075
770 663 847
334 663 601
486 459 663
898 734 245
924 995 851
408 734 898
1099 770 1078
563 770 1099
1099 1078 154
601 770 563
663 459 847
872 1001 157
563 1099 1001
563 872 400
563 1001 872
872 159 837
584 651 446
663 770 601
812 1088 161
601 400 942
601 563 400
287 663 334
287 486 663
1099 156 1001
942 436 949
334 942 651
400 436 942
333 185 174
834 911 939
584 668 892
651 192 446
334 651 584
942 949 651
837 436 400
872 837 400
812 163 1091
1088 812 436
837 1088 436
837 160 1088
1017 1091 164
852 1017 166
955 554 884
574 955 884
949 436 955
436 812 554
1133 1050 852
168 925 1133
274 925 169
796 1050 925
256 993 274
884 554 852
796 925 274
715 295 236
475 715 236
961 617 735
447 948 186
710 447 186
672 710 186
336 956 710
371 693 1041
965 677 807
735 965 807
617 948 965
697 462 475
666 697 475
511 407 697
669 724 555
295 339 895
731 509 724
1128 731 244
926 966 251
378 793 731
378 814 793
731 793 509
1090 313 962
895 1090 504
784 313 1090
926 784 339
998 572 875
926 998 784
251 434 998
957 962 850
728 562 234
1021 728 671
343 1021 671
476 477 1134
520 562 728
230 839 356
728 234 671
839 682 562
356 839 520
900 863 839
682 525 562
525 200 234
666 561 525
697 666 511
475 236 666
561 200 525
895 504 1085
339 784 1090
895 339 1090
295 895 236
295 509 339
868 262 585
998 434 572
251 203 434
577 177 556
356 577 260
356 798 577
272 900 230
476 343 209
1134 728 1021
671 243 343
1134 798 520
476 1134 1021
477 798 1134
234 420 671
1021 343 476
503 373 430
629 503 430
786 629 430
557 263 629
610 637 922
250 564 951
859 320 276
373 363 606
380 430 338
922 637 723
503 922 373
503 610 922
723 706 320
922 723 363
637 305 723
200 996 420
1019 936 391
972 265 229
769 972 229
466 667 972
972 746 466
870 505 769
687 870 769
687 442 870
771 216 608
220 692 533
220 981 692
667 1057 829
296 320 706
265 172 229
305 308 643
827 975 249
764 438 482
531 820 482
416 380 764
922 363 373
308 637 610
305 706 723
859 276 275
606 859 647
606 363 859
338 606 1019
363 320 859
723 320 363
975 706 305
249 975 305
645 232 975
232 296 706
859 275 647
263 384 250
999 573 499
177 999 326
885 573 999
649 390 954
889 395 491
751 889 491
422 791 889
68 944 179
791 395 889
944 950 422
825 315 935
390 797 791
390 358 797
811 827 435
916 573 725
469 916 259
729 573 916
227 729 469
499 573 729
725 232 645
771 533 692
553 928 608
659 466 746
560 410 988
314 560 173
753 452 410
314 753 560
314 788 753
254 937 72
683 480 755
953 553 608
849 813 553
937 849 683
938 246 813
937 938 849
254 747 938
246 751 813
193 241 480
624 237 508
586 763 297
679 271 655
763 679 530
835 272 271
224 835 679
900 839 230
224 900 835
224 863 900
801 866 45
665 636 993
523 665 195
1054 465 294
1091 554 812
1017 554 1091
852 554 1017
1133 925 1050
949 955 253
1050 884 852
166 1133 852
796 884 1050
796 574 884
462 190 576
462 441 857
754 462 576
897 754 399
475 462 754
715 475 754
996 504 962
511 666 525
1085 504 561
666 1085 561
236 895 1085
462 697 441
774 224 593
697 407 441
236 1085 666
525 234 562
593 586 857
774 593 857
407 774 441
407 682 863
224 679 593
863 682 839
774 863 224
774 407 863
420 234 200
798 177 577
798 477 177
520 798 356
520 728 1134
476 209 885
404 174 185
655 271 662
855 579 702
530 679 655
322 530 237
763 586 593
679 763 593
322 180 763
931 228 939
662 335 931
279 205 433
802 556 177
499 959 326
743 732 802
673 732 423
542 556 732
763 180 297
855 789 655
368 855 261
368 579 855
900 272 835
433 205 350
639 433 350
335 662 433
272 279 271
272 230 987
679 835 271
230 260 987
700 211 294
498 579 587
368 174 404
702 789 855
261 174 368
866 1033 256
178 801 45
178 176 801
949 192 651
554 955 436
253 192 949
665 256 195
211 638 294
993 256 665
574 993 636
574 796 993
253 955 574
796 274 993
574 636 253
654 183 214
958 329 917
958 221 329
699 512 221
710 699 958
672 512 699
989 672 186
297 180 672
180 322 624
624 322 237
341 624 508
512 180 624
171 516 273
1114 217 597
894 869 733
303 894 321
348 869 894
869 745 810
992 195 640
952 204 217
1095 952 217
810 301 952
353 745 869
917 329 206
552 917 206
958 699 221
336 958 917
336 710 958
221 341 619
789 702 237
655 789 530
655 261 855
404 579 368
498 508 702
880 498 603
311 880 603
619 341 880
789 237 530
498 702 579
508 237 702
341 508 498
341 221 624
815 997 880
465 815 311
615 997 815
221 512 624
866 256 274
170 866 274
1033 640 256
801 1033 866
801 176 1039
217 992 597
195 256 640
992 217 204
195 992 204
640 1039 992
437 597 176
1114 364 733
437 1114 597
1140 1043 364
437 1140 1114
437 750 1140
217 1114 733
178 437 176
517 867 118
930 733 364
516 930 364
321 894 930
421 738 171
302 303 321
523 195 204
952 1089 204
1054 294 878
909 253 757
446 909 824
192 253 909
931 333 174
261 931 174
335 228 931
1039 640 1033
597 1039 176
597 992 1039
761 47 718
761 2 8
47 761 8
607 822 761
960 617 399
599 948 447
599 965 948
371 599 447
735 807 946
840 961 555
946 661 367
555 946 669
807 901 946
617 965 735
677 268 901
576 399 754
989 960 576
586 989 190
186 960 989
186 948 960
842 191 1128
772 842 367
1030 7 6
718 1030 842
718 7 1030
262 203 609
998 875 784
262 572 434
875 313 784
868 875 572
510 313 875
936 767 510
233 936 868
238 391 936
767 647 850
850 647 275
868 936 510
936 1019 767
1019 606 647
767 1019 647
391 338 1019
434 203 262
1128 378 731
367 1128 244
191 378 1128
943 5 4
463 589 712
412 876 1020
589 409 712
378 589 463
378 191 589
589 191 409
6 191 1030
6 5 409
297 672 989
586 297 989
857 586 190
462 857 190
441 774 857
763 530 322
180 512 672
824 638 185
636 757 253
636 878 757
842 1128 367
1089 523 204
815 465 301
465 523 1089
700 587 211
465 700 294
311 603 700
615 815 301
587 579 404
211 587 404
603 498 587
700 603 587
311 815 880
824 185 681
878 638 757
211 185 638
465 311 700
1054 665 523
465 1054 523
878 665 1054
638 878 294
636 665 878
1089 301 465
404 185 211
960 399 576
190 989 576
948 617 960
677 965 599
371 1041 599
901 661 946
677 901 807
268 344 901
961 840 897
399 961 897
735 555 961
946 555 735
244 669 367
724 509 295
244 731 669
669 731 724
897 715 754
617 961 399
840 715 897
724 840 555
295 715 840
1033 801 1039
453 1043 1140
750 453 1140
178 750 437
934 37 867
178 934 750
178 45 934
1043 516 364
1114 1140 364
632 516 1043
758 684 453
273 516 632
758 867 517
119 517 118
95 500 96
26 25 978
29 1139 30
91 90 588
114 30 1056
1061 92 91
90 89 588
539 117 116
88 518 89
88 87 660
85 1016 86
1079 83 82
84 83 1044
85 84 1035
82 81 207
80 181 81
19 194 80
660 87 86
18 188 19
1011 35 32
22 23 1124
23 36 1068
34 35 1068
34 1068 33
33 1068 36
32 31 1011
1113 21 22
355 17 16
15 1105 16
488 104 21
18 17 737
15 14 986
104 1034 103
424 102 103
101 290 20
101 102 602
293 14 13
332 79 78
13 79 332
78 77 374
75 241 76
755 74 73
75 74 241
760 28 27
29 28 760
117 945 31
115 539 116
115 114 799
27 26 871
1004 25 113
578 113 112
110 1098 111
111 856 112
472 109 108
110 109 352
1076 108 107
105 474 106
24 457 105
20 427 24
107 106 1076
77 76 704
71 254 72
71 70 254
70 69 747
1070 66 65
944 68 67
744 67 66
484 65 64
62 306 63
64 63 963
61 60 532
59 58 387
61 349 62
429 57 56
494 60 59
11 582 12
239 142 143
141 973 140
429 56 12
1051 9 10
48 9 1051
854 93 92
1074 95 94
93 777 94
97 96 500
323 98 97
99 98 264
867 37 118
119 120 1015
121 778 120
1112 122 123
778 121 122
1112 123 124
125 1029 124
125 126 1029
38 415 127
50 890 51
38 39 397
40 41 595
126 127 415
1087 100 99
100 990 10
49 830 50
49 48 830
42 941 41
1103 39 40
54 53 726
652 52 51
129 861 128
52 652 53
634 42 43
485 44 128
44 841 43
455 129 130
131 1013 130
257 11 55
54 604 55
131 132 448
132 133 785
547 133 134
135 691 134
138 139 213
139 140 1080
973 141 142
1130 143 144
1120 147 148
146 280 145
146 147 1120
136 571 135
137 492 136
138 1106 137
149 924 148
387 58 57
1130 144 145
1072 149 150
151 1072 150
152 1122 151
153 1075 152
154 1078 153
154 155 1099
156 1099 155
1001 156 157
872 157 158
872 158 159
159 160 837
812 161 162
160 161 1088
162 163 812
1017 164 165
1133 166 167
168 1133 167
925 168 169
755 73 72
69 68 179
164 1091 163
166 1017 165
170 274 169
170 45 866
45 37 934
