4.548782201279999882e+00 -5.588000100000000003e+01
1.117600020999999941e+02 -5.588000106999999872e+01
-3.057270744270000051e+01 -4.659306007360000024e+01
-5.283265798909999944e+01 -1.796386962820000122e+01
-5.271716081160000300e+01 1.833048336610000106e+01
-3.029776164200000110e+01 4.690822156950000021e+01
4.986211089610000258e+00 5.588000100000000003e+01
1.117600020999999941e+02 5.588000106999999872e+01
3.910987079000000088e-01 1.793578640000000057e-02
3.910987079000000088e-01 -9.623263030999999398e-03
4.882551133999999959e-01 1.711749657999999882e-02
4.883688389999999990e-01 1.729047297999999899e-02
2.873208884010525904e-02 1.264956502035616010e-03
2.585168427620000015e-02 -3.189842370050000216e-03
2.461011283722993118e-02 -6.982295033115134240e-03
2.456988453058746996e-02 -1.014568258460201051e-02
2.539686018933800041e-02 -1.272110988478085056e-02
2.678692310249999875e-02 -1.472040858790000031e-02
2.897211339400000002e-02 -1.645200773729999996e-02
1.051049809999999966e-02 2.860250529999999996e-03
-1.589759464264616992e-02 -2.629555028227158892e-02
-2.366506945513468033e-02 -4.392457503209241249e-02
-2.376803190000000010e-02 -5.422231878000000060e-02
1.038470764999999997e-02 3.078125878000000093e-03
-4.630429083548136260e-02 -5.006961410660810269e-02
-4.768442161491664305e-02 -5.592949191060007236e-02
-4.641135430762002856e-02 -6.031592757771336161e-02
-4.370584049369879986e-02 -6.278212906299787677e-02
-4.067913428741044835e-02 -6.394723563544178757e-02
-3.628761074439935258e-02 -6.449201865597123384e-02
-1.462386593000000040e-02 -6.037569790999999797e-02
-1.476981934000000038e-02 -6.012289917000000067e-02
-2.042955495999999871e-02 -5.899699080000000290e-02
-1.852395061090000156e-02 -5.995336273210000178e-02
-1.647853071199999880e-02 -6.032055152210000215e-02
-2.242234171020000139e-02 -5.705612918930000332e-02
6.301440833000000463e-01 -8.153817979999999910e-02
4.946354614810016814e-01 -8.780455542257590770e-03
4.899818431789779161e-01 -4.312139070077267329e-03
4.879508203860000171e-01 -1.075531614209999931e-03
4.869765511999999963e-01 1.781175053000000081e-03
4.868648102500000019e-01 3.905737197609999815e-03
4.872270566341518894e-01 5.825574981671780353e-03
4.880525998290000111e-01 7.626853039649999708e-03
6.317569205999999937e-01 -7.874464392999999673e-02
4.582060149779999847e+01 -5.588000102689999693e+01
4.610939455150000299e+01 5.588000102699999871e+01
4.144884146314065099e-01 1.793578619998291088e-02
4.403083272580000096e-01 1.793578620000273877e-02
4.534928694109999214e-01 1.793578620913525989e-02
4.684459435267661065e-01 1.793596700865325924e-02
4.752685255626605820e-01 1.790204896323574837e-02
4.803255568838523115e-01 1.760300740486616874e-02
4.839831765910104777e-01 1.737852312466760946e-02
4.864056678080471152e-01 1.723772613228961165e-02
4.861846524757502119e-01 1.769960856329681059e-02
4.822433533286060170e-01 1.840531947526198933e-02
4.760644399736925214e-01 1.943735350964457056e-02
4.661302495695416881e-01 2.095355258875016002e-02
4.441158639944283171e-01 2.390658087605634918e-02
4.086899256283328952e-01 2.774381017238884001e-02
3.643724840809050014e-01 3.118193682759079141e-02
3.173967345447009092e-01 3.345931493159096104e-02
2.700507944038201269e-01 3.451137203079711335e-02
2.259004213938347883e-01 3.441062451602615313e-02
1.863912586306332997e-01 3.344098844830026979e-02
1.532046974278430951e-01 3.196776049046833046e-02
1.269130148392927926e-01 3.031247612719319834e-02
1.102394346594779001e-01 2.897850021848510926e-02
9.829792075176903288e-02 2.785898746647424984e-02
8.977577799142451298e-02 2.704900130055647167e-02
8.138418695862305319e-02 2.565386689302791984e-02
7.263159885995806864e-02 2.349820616160265899e-02
6.436585841720066092e-02 2.110746715114125011e-02
5.582896691748710782e-02 1.810717301621133854e-02
4.780809378716668195e-02 1.467781207380215031e-02
4.064574646539150654e-02 1.088329250942192059e-02
3.555408680481918215e-02 7.536808655694750975e-03
3.182175367834946811e-02 4.489015663941438999e-03
3.294191745305333208e-02 -1.757173934145114108e-02
3.859052110805354097e-02 -1.861465797303969022e-02
4.628609825936676886e-02 -1.996671333547608840e-02
5.423409893984543900e-02 -2.121162287992843856e-02
6.152184424553987230e-02 -2.224243138282779031e-02
6.784184570961275529e-02 -2.305911420361742015e-02
7.420938299407771332e-02 -2.381556169126699055e-02
8.267257510340401960e-02 -2.472723913790590006e-02
9.755903482229055790e-02 -2.613110452350016905e-02
1.175334799403923020e-01 -2.767302856763919142e-02
1.413731792127342901e-01 -2.905789216108208006e-02
1.671813435186541019e-01 -3.005173551918622135e-02
1.942217178905288888e-01 -3.045553897844167912e-02
2.209409537745173902e-01 -3.021904869267620988e-02
2.487426693082823992e-01 -2.912676739843237869e-02
2.764886367686624213e-01 -2.712368788986719084e-02
2.956040928497060127e-01 -2.520824271585248022e-02
3.169329262024317972e-01 -2.241700611841102031e-02
3.412911313414379033e-01 -1.862969174608902073e-02
3.592862910287427103e-01 -1.549584624316329914e-02
3.745245640495861728e-01 -1.270785785920620914e-02
8.613641758504479717e-03 1.115789348907578020e-03
5.660138933055851654e-03 -1.605149609879201987e-03
-1.660593632139028056e-04 -7.042389300953325222e-03
-7.961116018218224524e-03 -1.544298976121065946e-02
8.159654769571195523e-03 1.418229708139326925e-03
3.658962866304741029e-03 -1.977945075452196191e-03
-3.316422140802346204e-03 -7.352337874634844173e-03
-1.158075626869991062e-02 -1.393190251673835992e-02
-1.946079799163460966e-02 -2.048839339596486911e-02
-2.704235251234889115e-02 -2.717586551715675883e-02
-3.421977644323734302e-02 -3.407039038854821345e-02
-3.988367234608503759e-02 -4.028657675107803066e-02
-4.362056645049945669e-02 -4.524953576781019782e-02
-3.120290430024625847e-02 -6.422174149070340732e-02
-2.581212062819004949e-02 -6.332715166901931036e-02
-2.030396807603212020e-02 -6.201311526495970755e-02
-1.823193934026262966e-02 -6.144603299712050881e-02
6.267888262007953459e-01 -7.872502939877573658e-02
6.216744938280520660e-01 -7.450186054201043961e-02
6.137583976804996677e-01 -6.841391966907231503e-02
6.046587395570353074e-01 -6.187237784435557081e-02
5.939823075082822923e-01 -5.478570308430687902e-02
5.810054127286999881e-01 -4.710723161698415762e-02
5.647601002377821144e-01 -3.854333597059413086e-02
5.455660337746465194e-01 -2.956496705064876052e-02
5.262329636739743188e-01 -2.149618478643425951e-02
5.074560383974774380e-01 -1.440594772880524066e-02
4.888510180631154833e-01 8.720345484231992184e-03
4.895659392671437016e-01 9.454644549588595015e-03
4.902164299355606936e-01 9.992670005768190117e-03
4.909166264469747021e-01 1.047142131517968082e-02
4.917616217381688970e-01 1.093490555633285996e-02
4.928570723926776198e-01 1.138761417177517991e-02
4.942710639214806800e-01 1.178071029424311925e-02
4.958795790721843844e-01 1.203468456812571002e-02
4.975223354253175967e-01 1.215826742488500083e-02
4.991336243294948183e-01 1.214749280195020001e-02
5.006140122345429377e-01 1.205303550347605959e-02
5.019646984187298155e-01 1.190707969393504928e-02
5.032380851911602004e-01 1.172604450832238042e-02
5.047305388501482915e-01 1.146653751594113937e-02
5.065463024627849808e-01 1.108785191894427931e-02
5.087362603570378949e-01 1.054197037954122083e-02
5.111683355006041429e-01 9.842999556653714288e-03
5.138118428407422167e-01 8.994067944680128948e-03
5.166923821086203406e-01 7.977176243584077273e-03
5.198208049622535798e-01 6.756191356655464643e-03
5.232135690422524688e-01 5.324959526771092660e-03
5.268408466734330053e-01 3.680678451459409081e-03
5.306513027400711069e-01 1.808266050267936945e-03
5.346693831013714648e-01 -2.819115138486101785e-04
5.388946216659892263e-01 -2.609407456317869994e-03
5.431764770375318019e-01 -5.104680617475032371e-03
5.473979639778235873e-01 -7.691121619596221967e-03
5.515176188760178011e-01 -1.031809316197651073e-02
5.556090059691138894e-01 -1.298970063535902913e-02
5.596296642978356717e-01 -1.576443626455175870e-02
5.635973482525518108e-01 -1.861947862217532002e-02
5.678045563802539553e-01 -2.175741526759489980e-02
5.724002983628198038e-01 -2.530503256564501161e-02
5.774033167295415936e-01 -2.925835072829252939e-02
5.823850213657392194e-01 -3.322680943582596164e-02
5.870701926748839172e-01 -3.704473834662364018e-02
5.914600299894523516e-01 -4.068597246925430289e-02
5.955848759571958917e-01 -4.417374454557451702e-02
5.994851731115903304e-01 -4.756183096321346671e-02
6.038230925802039462e-01 -5.143451296086953839e-02
6.091905253813851839e-01 -5.640135077273016745e-02
6.169786320119352574e-01 -6.391503308368455538e-02
6.254224785906703499e-01 -7.234439630873196192e-02
5.777955132730000498e-01 -1.089025662769999986e-01
-5.564978236919999877e-02 8.303383914449999348e-02
1.660159914609999829e-02 4.982554547759999834e-03
6.818001194289999845e-01 1.113294651119999951e-01
2.938037465039999852e-02 -2.267406566190000028e-02
6.454846333179999895e-01 -8.714395981580000394e-02
3.325240509410000156e-01 3.455717369340000067e-01
6.370618589390000253e-01 -8.537050166510000426e-02
1.175335187889999938e-01 4.840441455510000046e-02
1.156901098260000094e+00 2.179470760430000098e-01
3.396309607180000162e-02 -2.425089898719999873e-02
1.370397571149999938e-01 3.650300929779999870e-01
4.887784991449999894e-01 -8.056047941170000337e-01
1.279175420689999954e-01 -5.565531598890000042e-02
6.702456257009999918e-01 6.019604519990000291e-02
1.786501090870000086e+00 2.297006155180000009e-01
3.210425563839999774e-01 -1.011153621619999970e-01
2.618554139050000007e-02 -1.737545581180000021e-02
1.803608814650000114e-01 -2.490157127479999954e-01
1.293835971540000074e+00 7.595036724120000082e-01
-1.292545289010000076e+01 2.257649889840000057e+01
6.132826924890000253e-01 6.539672420160000388e-03
4.702651677090000093e-02 3.140894083930000080e-02
2.855466182460000141e-02 -1.940655288909999901e-02
6.734369726140000401e-01 -6.407744759559999559e-02
-1.177246968650000059e-01 -9.717758654409999752e-02
8.334001199239999824e-01 -2.647955650370000136e+00
-8.005302087580000447e-02 -9.534614601400000222e-02
-1.878767021960000005e-01 1.084206992609999982e-02
1.645754042249999993e-01 1.026657683400000076e+00
4.916305967619999939e-01 1.373445768040000049e-02
4.889888207340000181e-01 1.096812193279999952e-02
-2.183691887200000181e+00 4.353653206399999975e-01
6.883448875319999605e-01 -7.910472054660000474e-02
5.516554032220000181e-01 2.518264666700000265e-01
8.591230223729999782e-01 -3.773192544760000100e-01
4.012226760809999709e-02 -2.619273415169999855e-02
-3.802927717469999913e-01 -1.414946638940000057e-01
1.386281531000000122e-01 4.417198689890000085e-01
4.910178641849999859e-01 1.507212442610000001e-02
7.078471782290000069e-01 3.564347280070000179e-02
1.391901312729999958e-02 5.926860510850000263e-03
5.010771877309999622e-01 1.375263672720000024e-02
2.713659138330000165e-01 -8.858198492009999869e-01
-2.721469161289999938e-01 -1.299093836000000113e-01
4.076505169099999687e-02 4.306310810390000243e-02
6.748465913740000488e-01 -1.014313687389999941e-01
3.021259668350000094e-02 2.416024327710000058e-02
4.974476785029999792e-01 1.613688609299999965e-02
2.414731750230000168e-02 3.516547721180000169e-02
1.066915318249999967e+00 -5.904270519549999902e-02
-6.780785369720000455e-01 -1.992475117770000081e-01
-3.927922450960000256e-02 2.052829803900000152e-02
7.575000044980000347e-01 5.485675909189999810e-01
3.468796961670000262e-02 -4.153834109579999934e-02
4.562917555470000330e+00 -4.095729491240000186e+00
1.954158565419999993e-01 1.902074241080000117e-01
5.991312423250000352e-01 1.323693879879999924e-01
-3.074329780259999964e-02 8.141000886249999402e-02
5.329978654270000060e-01 4.354295390089999995e-01
1.349954772620000094e-03 -7.098668927519999339e-02
3.927429253140000270e-02 3.488028470039999940e-01
-8.121974909379999774e-01 2.177519465709999991e-01
2.544181769339999843e-01 8.242684787959999593e-01
-2.369715454089999992e-02 -1.354075018170000089e-01
5.482223107779999882e-01 2.070238884260000134e+00
9.209779464809999538e-01 1.688132606169999994e-01
-6.100924690369999848e-01 2.582029307020000108e-01
5.078490579900000190e-01 1.356642281430000055e-02
2.689673373669999867e-02 1.022524486840000087e-02
5.319631137710000013e-02 2.389114670679999899e-02
6.144058749290000343e-02 1.087424478579999965e-01
2.804110980400000008e-02 6.213536975769999859e-01
1.185848637879999945e+00 8.711877002039999596e+00
5.198945920719999503e-01 2.749090269980000029e-02
1.010297960079999946e-01 6.376697270190000155e-02
1.889888962439999903e-02 -1.628418366920000165e-02
-7.818202625150000307e-01 -2.774336487619999958e-01
-1.056276238080000075e-02 2.301444140910000047e-01
-7.067852863750000159e-02 1.163601179470000052e-01
-2.210958424599999805e+00 1.334809408349999948e+00
4.537595461789999812e-02 -6.549042878869999751e-02
6.281624687889999503e-01 -9.565169599419999849e-03
8.934452528450000097e-02 3.485943643109999657e-02
-5.976346080409999928e-02 -8.608586488149999605e-02
6.527671553349999600e-01 -5.933576436770000156e-02
4.878770478200000205e-01 1.566853683019999929e-02
4.773585260529999985e-01 -7.885209391230000447e-03
1.031500047560000022e-01 2.384503354960000043e-01
4.780191372090000224e-01 3.589805537870000007e-01
7.035467836319999613e-01 1.758211287639999953e-01
-1.490883429509999969e+00 4.001014517229999901e-01
-1.137360720360000022e-01 1.171837694709999961e-01
3.505919301570000202e-01 -3.703000606270000217e-02
-3.544499081150000175e-02 1.138270745069999978e-01
4.881150251629999826e-01 1.350728305060000002e-02
4.927440596220000191e-01 1.368077141229999925e-02
7.358523847229999859e+00 -2.948797965699999857e+00
1.350124016579999989e-02 -8.452734456789999865e-03
-5.393476567160000457e-01 -2.240949895730000030e-01
6.953967919129999675e-01 3.109105835659999872e-01
6.054399906120000452e-01 3.714621424439999986e-01
5.968061614809999638e-01 -9.677968899369999989e-02
6.323846914199999780e-01 -5.901096083259999708e-02
-2.106839271510000111e-01 6.752994349990000256e-01
-8.448436276930000599e-02 5.532739579159999810e-01
2.356146041440000116e-01 1.208471566329999969e-01
-1.910362241609999956e-01 -4.548009535299999961e-01
6.085985827150000027e-01 2.746285024669999908e-01
5.153668878789999797e-01 1.292019364320000016e-02
-1.486972507529999987e+00 -2.415635617259999923e-01
8.410145900100000557e-03 2.464823408070000027e-02
-5.393804741240000311e-01 -1.711063297669999927e-01
2.001703026630000104e-02 -5.572715173110000079e-03
-2.191425563930000098e-01 -7.778116397119999581e-02
-1.012350326129999978e+00 -2.058010010830000069e-01
5.718197872629999789e-01 2.479653072999999860e-02
-3.604100252419999845e-02 -9.269049001970000590e-02
1.520445614310000082e-01 -7.257068160179999672e-02
1.161896627669999939e-02 -2.600350804280000209e-04
-1.568346816939999933e+01 -8.707379517699999738e+00
-6.851244171200000510e-01 -8.455948559779999485e+00
2.489763234869999883e-02 -5.002220466140000227e-04
7.019765156849999688e-01 -1.999141736080000190e-03
2.373735789470000079e-01 2.971097212110000108e+00
6.199926006589999948e-03 4.594902845959999982e-01
1.264077145289999926e+00 3.461326337749999760e-01
1.115204932709999985e-01 -4.004832541030000082e-01
5.105400939330000387e-01 1.801961500650000117e-02
5.374889729920000470e-01 -8.550093545329999489e-02
7.353955539980000511e-01 -8.072409581620000607e-02
5.504048766839999551e-01 -2.245483211410000124e-01
6.165463167750000473e-01 -2.829680200390000122e-01
-5.216942718610000085e-02 -9.021305185740000065e-03
-4.402683212900000004e-02 2.658991931420000010e-01
3.448706653320000037e-01 7.464525297740000342e-02
-7.358788867439999826e-02 2.604745090679999944e-02
-7.335346073180000481e-02 2.053164425529999948e-01
3.415578947169999741e-02 -6.046487167540000318e-02
1.711209985690000102e-02 -5.152463589610000068e-03
7.725400853980000093e-01 -2.555432258740000101e-02
-2.921833732329999836e-02 8.740695156769999474e-03
-6.585953643009999636e-01 1.265872034860000106e+00
2.065676950650000010e-02 6.362674234169999818e-03
1.404970437439999886e-01 1.674213894749999876e-01
5.578970009100000516e-01 6.521693503490000321e-02
5.028132894639999462e-01 1.502503976069999997e-02
-1.448465676709999872e-01 -4.734677224649999627e-03
2.193402872449999944e-03 -9.699387052339999982e-02
-9.063441033859999385e-02 4.186924574709999791e-01
5.996380119540000164e-01 -1.850791985269999995e-01
1.010138895819999938e+00 2.292817869740000070e-01
3.317991891770000201e-01 -3.120583522209999933e-02
-5.263188551220000094e-02 -4.606237318660000302e-02
6.884994544799999394e-02 8.470229221269999498e-02
2.829863088430000229e-01 2.969639292240000006e-01
-9.456483305439999931e-02 -1.634728520400000051e-01
5.973378335590000254e-02 -5.551220461780000115e-02
9.419090837050000387e-01 -2.102931238519999968e-01
4.922777196399999999e-01 1.261231195969999934e-02
-6.954239024979999573e-02 -3.931746614820000210e-04
2.975093954000000013e-02 6.538427063900000176e-03
6.431740113580000084e-01 9.111431079350000573e-02
5.784754644620000441e-01 1.171665105309999989e-02
6.135428138770000484e-01 1.767466193170000033e-01
1.344821792969999930e+00 -4.390685042940000171e-01
-9.086561662169999609e-01 -2.306520194499999954e-01
-3.426386597059999928e-01 2.761278776939999902e-01
-6.741160235950000024e-01 2.513248972149999982e+00
6.072667300049999772e-01 -7.671779216750000685e-02
9.325548663720000242e-01 1.340027454940000097e-03
5.001342617549999758e-01 1.595679175999999838e-02
1.011137937519999974e-01 5.251590945159999579e-01
1.390038452279999959e+01 -3.661945329129999926e+00
4.778865366989999974e-01 -5.344113108520000266e-02
4.824355553359999972e-03 1.313981386630000067e-02
-6.511016413129999680e-02 5.187823141850000236e-02
6.995855755950000088e-01 -2.822998198289999872e-01
3.946815237999999892e-01 6.837097837349999374e-02
5.090330602949999506e-01 2.240517100559999975e-01
4.878986515409999836e-01 1.146657840939999985e-02
-2.923595568169999950e-02 -1.658840878310000044e-02
7.930080986330000359e-01 -2.667361429990000032e-01
-7.194431671079999646e-02 -1.177348341499999951e-01
2.305161204930000068e-02 -1.175345484559999973e-02
4.535617150799999830e-01 4.662034697319999976e-01
4.875436493340000177e-01 1.011363533179999996e-02
1.699601376759999893e-01 1.584264438799999897e-01
4.947755592940000224e-01 1.765394743490000112e-02
3.739413309910000205e-02 -4.995574691609999674e-02
5.827104024270000071e-01 -8.652117870349999851e-02
5.022045300390000078e-01 1.766829171160000031e-02
-1.733352028129999944e-01 3.572589384600000084e-01
6.338979727289999477e-01 -1.188426494400000033e-01
-9.177076221360000452e-02 -6.754660718970000033e-02
1.073250018559999963e-02 -5.757280916919999686e-02
5.423935479029999840e+00 9.743786480789999871e+00
7.300484263709999810e-01 1.233332931100000057e-01
-1.547898873099999920e-02 -7.663490768330000202e-02
4.632103484069999833e-01 1.243875094500000028e-01
2.173395350099999845e+00 -1.104538951489999921e+00
-8.323815543159999997e-02 -1.402645899430000030e-02
-2.340795008509999886e-01 2.797648838769999924e-01
3.231862998079999827e-02 1.116284666980000076e-02
4.714498316419999946e-01 -2.298364376239999951e-01
5.168948336080000372e-01 2.029018637260000119e-02
9.178684246150000448e+00 -9.830890331810000049e+00
-7.349552807890000317e+00 8.005335825450000442e+00
-1.479255312629999963e+01 -2.388754275859999865e+01
-3.301501851259999731e-01 1.446950371300000093e-01
-3.442432884009999916e-01 -1.136875857689999991e+00
-2.819925838890000147e+00 -9.149881754499999964e-02
-5.635148711980000197e-02 -6.872606058119999639e-02
-8.760121663280000248e-02 8.052223212969999988e-02
5.196084249439999470e-01 -4.371014922929999935e-02
-2.338923178400000025e-02 -8.018375246379999544e-02
4.820661549940000179e-01 2.789242601989999973e-02
-6.472266157919999430e-02 -1.826436841039999828e-02
-9.766729181450000130e-01 -3.185937925030000173e-01
1.721330396799999884e-01 1.111194075320000030e-01
-4.829213708069999833e-01 3.332020185210000096e-01
-5.616452187180000166e+00 -1.891228320530000007e+00
4.869618424459999928e-01 9.269425517670000503e-02
4.601450223670000006e-01 -6.975254725360000019e-02
1.056457114419999954e-01 1.182770521500000060e-01
-4.139329301419999996e-02 -5.715722223389999579e-01
4.870537351220000089e-01 -1.589356740880000160e-02
3.568163297149999913e-01 -6.047542441350000075e-01
1.862370468129999956e+00 1.433695774760000097e+00
5.745782401879999668e-01 -1.036966084499999982e-02
4.904207699640000251e-01 1.117347960880000005e-02
-4.329960057159999987e-01 -1.699594242780000097e-01
4.803473726999999971e-01 -1.686990555919999895e-03
7.186370629270000254e-01 7.431938599409999846e-02
7.175928692180000290e-02 -3.445776381300000302e-02
5.613297409590000120e-01 1.450382506469999888e-01
7.297944507820000037e-01 8.890702627419999615e-01
5.401114844019999639e-01 2.902478023479999891e-02
-3.020202060060000093e+01 1.424896938400000046e+01
1.534221319950000023e-02 1.536583168300000024e-02
4.319684998039999835e-01 -8.501635082990000036e-02
-7.735113847040000046e+00 -4.849658147509999573e+00
5.578541014950000321e-01 -5.642947219629999844e-02
2.106036449109999903e-02 -1.038133341160000014e-02
5.018004292679999478e-01 -2.764730386609999882e-02
-3.266403007349999998e-01 2.772807583720000163e-02
-8.922213815839999396e-02 1.157016625299999921e-02
-3.026033447229999895e-01 -1.483894030669999919e-01
-6.933043294949999824e-01 -3.082106056480000134e-01
4.795948365709999661e-02 8.467533652630000462e-01
5.452267909660000189e-01 -1.141231267340000050e-01
1.242833309289999993e-01 7.410944395530000284e-02
3.056502997580000103e-01 1.565303323159999982e-01
8.075357103330000827e-03 -8.366709177500000760e-03
4.169755138690000029e-01 -2.366089502289999997e-03
4.988726540360000072e-01 1.452817800749999985e-02
1.129268811400000079e-02 5.063633908560000348e-03
5.530049923290000224e-01 4.320414587060000117e-02
4.884928319649999851e-01 2.070447162350000023e-02
-2.498069946360000071e-01 1.908535244700000078e-01
5.094823041170000177e-01 2.744148812380000149e-02
3.353234702920000032e+00 -8.485681187100000855e+00
5.731216783420000072e-01 2.020581868659999947e-01
-1.731992015609999935e+00 8.458783082070000514e-01
5.210728418760000175e-03 1.825707826669999978e-01
5.896004970510000387e-01 -1.804818097600000004e-02
6.415427666759999648e-01 -9.378853749210000479e-02
-4.536203570710000132e-01 1.896724392730000097e-01
1.348085442250000071e-02 2.764742829480000032e-03
9.516233344680000150e-02 -6.594443602810000360e-02
9.299098121269999684e-01 9.309330958679999934e-01
-4.278669141449999852e-02 3.930569327370000282e-02
2.888518559389999796e-01 -2.514275540850000046e-01
-3.977231158099999941e+00 -1.240439508559999959e+00
-4.360445393370000061e-02 -3.524070915349999944e-01
6.139652712869999585e-01 2.865621425749999979e-02
2.052157502950000101e+00 -2.500439078000000204e-01
4.910680801769999881e-01 1.153606271740000022e-02
1.751574182490000034e-02 -1.143506008949999979e-02
4.914263750960000121e-01 -7.655454007720000065e-02
2.678363594070000131e-01 -4.048129147139999939e-01
2.539303625339999967e-02 1.627159985739999939e-02
6.219332952330000053e-01 -9.395045569109999883e-02
-1.961928572530000081e-01 -1.281946566100000129e-01
4.893591301949999917e-01 1.018756442600000055e-02
4.552807613179999935e-01 2.701832173559999828e-01
7.635648160589999719e-03 5.786162926829999976e-03
-1.211416982830000100e+00 -2.278143320309999886e-01
5.457362436249999504e-01 1.652627119190000146e-02
-8.338260754299999800e-01 -1.640070282189999951e+00
1.861073209709999954e-02 -6.432949949259999687e-04
1.144474019120000019e+00 1.122396892380000066e+00
-1.180000860110000005e+01 1.553375034399999910e+00
3.739690807850000187e-01 1.023650067589999962e-01
7.281294910819999799e-01 -3.789183477989999799e-02
7.899506124529999743e-03 9.592264810459999458e-02
-5.345362630409999927e-02 -2.466893385499999841e-02
2.513457428729999887e-01 1.745412177979999979e-01
1.498602605419999956e-01 2.087163092040000001e-01
5.363093334240000010e-01 -3.518402295749999964e-01
4.831669998109999753e-01 1.131490364940000021e-02
-2.176087901409999928e-02 -7.043139398169999919e-03
3.891809304320000273e-01 -1.099641520800000022e-01
1.622193289500000000e-03 4.331580409349999883e-03
9.055925373280000468e-01 1.619497683489999895e+00
2.053059656629999952e-01 4.854031472990000262e-01
2.790578581079999898e-01 4.207972035370000086e-01
7.619637804609999399e-02 -7.561713257780000585e-02
2.726535689149999775e-01 1.249018912570000056e-01
5.997590182979999768e-02 3.256041807679999761e-02
-1.472440091620000058e-01 -7.298758047200000487e-02
-5.867132715389999920e-01 8.196795652650000485e-02
-7.478419831589999678e-01 -1.457756327720000078e-01
2.513155791159999985e-01 7.644463563459999444e-02
4.877875452859999905e-01 8.913242105829999318e-03
5.568422926029999998e-01 2.767290387669999949e-02
2.056039088010000113e-02 -1.310125466290000019e-02
5.262349233060000051e-04 -2.545741668760000131e-02
-6.094903081110000093e-02 -6.078125190650000148e-02
-4.088268985980000103e+00 -2.882523987029999901e+00
8.554934149689999434e-02 1.017265135579999979e-01
4.981929444959999898e-01 1.329898859029999929e-02
1.912898341339999975e-01 -1.013010841360000025e-01
4.736958059699999946e-01 4.780915791519999708e-02
4.307170487009999958e-03 5.290582141450000248e-02
-4.726105355380000317e-02 -7.585585614360000617e-02
-2.508660841150000209e+00 -8.439028823499999943e-01
8.394993208719999656e-01 4.196964741669999971e-02
2.275466596969999977e-01 2.788437301289999892e-01
3.001103472539999872e-01 -5.035391922119999975e-02
-5.797453537850000060e+00 -1.522158680160000110e-01
-6.268850659329999742e-01 -4.166409445290000235e+00
-1.855067279139999969e-01 2.057446501549999862e-01
-8.530345671349999492e-02 1.553551868460000041e+00
-1.142624374149999941e-02 3.847587320649999837e-02
1.521538171340000023e+00 -1.757100908249999982e+00
-4.889952498789999769e-02 -9.076624921550000002e-02
9.131146557060000335e-01 8.071565638460000136e-02
-1.237502648099999991e+00 3.704342869340000011e+00
-6.407730462890000034e-01 8.398122397980000153e-01
6.052083537779999745e-01 1.074146701339999899e+00
1.190587718750000024e+00 7.735482993780000427e-02
-6.123657585739999965e-01 -2.139765761219999951e-01
2.176895373620000088e-02 -2.836551106849999858e-03
5.004067932750000391e-01 2.638697568470000157e-02
6.025427136530000505e-01 -1.258297079619999925e-01
6.207570649220000014e-01 -8.127057768190000531e-02
9.387482707130000159e-02 -4.397265056409999789e-02
2.567654568710000043e-03 -5.614851366680000122e-02
4.003977306059999797e-01 5.727217047799999516e-01
5.184056243170000189e-02 4.137402006709999663e-02
2.340945024179999834e+00 -1.813996009939999965e+01
6.941143584869999827e-01 -5.537589449219999793e-02
3.931027349649999780e-01 -6.123034864779999809e-02
3.979903163890000095e-01 1.028414052230000042e+00
6.058678883520000197e-02 -2.577357218549999884e-01
5.041495178520000175e-01 6.736526639480000522e-02
-1.711926637730000131e-02 1.506656785580000046e-01
5.373517695730000154e-01 4.934926779840000111e-02
8.838838813960000484e-01 2.792797975410000189e-01
-5.884057422709999541e-01 -5.369051934760000339e-02
4.412166309150000187e-01 7.068010089630000214e-02
1.939949725060000074e-02 4.992510893089999874e-02
-4.591231720609999928e-02 -2.231238751599999917e-02
-7.433436835689999356e-02 -6.257580899669999697e-02
-1.571434714380000042e-01 -1.586887843739999970e-01
-1.936178100390000045e+00 -1.291492665720000099e+00
-3.579250797140000329e-02 -7.551591800040000080e-02
-2.129864873000000131e-02 -6.620183118219999385e-02
-1.736281092400000087e-02 4.817878157680000398e-03
-6.571426830840000621e-02 -4.311243417900000041e-02
4.064815413810000111e-01 1.982225478909999949e-01
8.459518385920000022e-03 -4.874847286129999763e-02
5.135256548800000154e-01 -1.549745321129999964e-01
4.640597140980000090e-01 -1.973719566199999900e-02
1.310577216349999990e-02 -1.415863071780000017e-02
4.934613256229999911e-01 1.264691570690000023e-02
4.146008281849999921e-01 1.281926687959999978e-01
-6.633405623069999812e+00 -1.121245384450000060e+01
6.118013290980000018e-01 7.264344431260000290e-02
-4.476552418040000147e-01 -5.323538950289999905e-01
8.732934951280000302e-01 -6.223632306480000320e-01
5.941795179860000220e-02 6.648525887009999746e-02
5.998571416250000343e-01 -3.009831871150000018e-02
2.626696939579999945e+00 3.746581006730000052e+00
3.857541515769999929e-01 2.742380074899999909e-01
-1.316549501610000117e-01 8.280498397310000203e-02
-3.111564939370000005e+00 -8.849218801999999551e-01
-2.289635477589999912e-01 -1.150042663309999991e-01
1.666627336760000133e-02 8.749424141540000643e-03
2.296814336849999916e-01 1.312732460819999947e+00
4.126694522920000274e-01 7.484747095460000388e-01
5.634638944869999611e-01 -7.017121121899999939e-03
-5.457252861080000295e-02 1.546612237170000015e-01
4.749332940750000120e-01 -1.648725181989999997e-02
1.908726653709999846e-02 -5.110110406869999844e-02
5.166912201519999748e-01 -6.891176991630000581e-02
-1.118562638450000014e-02 -5.503904497039999871e-02
-3.665444976859999926e+00 -3.017431028190000197e-01
7.472696477420000261e-02 -4.530559897760000343e-02
4.967861752980000101e-01 1.379847120599999970e-02
-1.299053805120000016e+00 8.250320806140000185e-01
1.775548594759999987e-01 3.161340284729999839e-01
6.312317710360000333e-01 -2.825984125780000092e-02
-5.842926201589999646e-01 -1.429634697280000033e-01
1.515850511960000091e+00 1.009843944550000039e+00
4.128331232829999808e-01 3.555178773880000032e-01
-4.745983126230000210e-02 -4.044709157839999902e-02
7.816331282380000189e-01 9.172142138569999714e-02
6.336985869260000626e-02 -3.461190882549999848e-02
4.792824164250000241e-01 7.260586875379999687e-03
4.894901955050000031e-01 1.629081999810000000e-02
-1.845651382020000009e+00 -2.564973987580000170e+00
5.902049784530000176e-01 2.788386557819999903e-02
-1.112054230700000090e+00 2.475862799809999959e-01
1.170103856619999938e+00 5.267135307300000457e-01
7.623013436600000192e-01 4.443193283849999897e-02
1.415532292810000037e-01 -4.511594285250000030e-02
-1.608217397880000021e+01 8.146402257489999243e+00
3.705384877520000175e-02 1.124286962310000054e-01
-2.404502044459999877e-01 3.873714096340000190e-02
-8.303258886379999426e-02 -4.971401169040000345e-02
9.396754653479999497e-01 5.377546571929999741e-01
-1.715747601070000128e-02 -8.539398031849999848e-02
4.842608629240000018e-01 -6.871633688179999786e-04
2.913469733059999766e-04 -8.073690464039999515e-02
6.571638653820000009e-01 -9.358820131839999668e-02
-1.753428331919999916e+00 -3.837787930229999978e-01
2.988666865659999949e+00 -3.716912281940000229e-01
-1.823948359349999992e-01 -9.464148498930000097e-02
5.693419087750000163e-01 1.277874761899999928e-03
1.018081394790000017e-02 -3.422993595730000095e-03
7.934835161169999651e-01 9.966808999359999879e-03
4.859844766840000219e-01 1.512814183010000035e-02
-1.525003316469999981e-01 -2.581860334130000045e-01
-2.847265734050000163e-01 3.940504138900000064e-01
2.536912828670000053e+01 3.208792554369999994e+00
4.783713083390000315e-02 5.525001793860000177e-02
-1.759705213329999962e+00 -3.088475709549999906e-02
-1.295605367850000134e-01 1.982675905909999925e-01
-1.344898452780000087e-01 -1.283117380759999926e-01
-4.482778048450000163e+00 1.572313548879999967e+00
-7.527106916430000016e-02 -3.214308764840000110e-02
5.465640839909999965e-02 -3.926130972220000237e-02
7.728908100760000233e-01 -1.051574927660000047e-01
-9.025218691799999360e-02 -8.489474496700000206e-02
2.566471983320000039e+00 1.280583011320000075e+00
1.417614745889999965e-02 -3.969239838449999808e-03
9.191400914599999750e-01 -8.834419620229999603e-02
-7.203617567339999639e-02 -8.377170982129999999e-02
3.973571847430000248e-01 -3.017714340120000172e-01
4.101106419029999783e-02 -8.332679393280000013e-02
4.990963554430000171e-01 1.955124208579999898e-02
1.029439463469999927e+00 9.723593293860000042e-02
3.489548168480000045e-02 1.633520125349999935e-02
2.270452193090000126e-01 2.212987247990000073e-01
4.940233222550000081e-01 1.390115923990000064e-02
5.888536497460000046e-02 -7.096303642250000043e-02
-1.686008891870000026e-01 1.398689639050000044e-01
8.001546034629999915e-02 1.924237704320000131e-01
-2.460178196549999807e+00 -4.329764614359999930e-01
6.092940861369999794e-01 -9.931542825000000407e-02
4.988500227409999876e-01 3.995003872649999926e-02
4.844970201689999811e-01 5.953858204600000377e-03
1.640792642399999945e-01 -1.536541681539999871e-01
6.508583265759999570e-01 -2.359842865670000109e-02
-9.943382791490000538e-02 2.528927760570000016e-01
6.740107147239999819e-01 2.125225053839999850e-02
5.137812271859999447e-01 1.551981913640000099e-01
6.612512018859999507e-01 -7.263839637610000621e-02
9.988274566620000683e-02 -1.762007138870000100e-01
2.539429431380000116e-02 -5.848772275679999660e-02
-3.274230063389999695e-02 1.972082634260000078e-01
1.992868894610000038e-02 1.748467409199999916e-03
6.335511066629999355e-02 2.810703332260000020e-01
-2.046553898460000021e+00 -6.279484220219999635e-01
-3.267417555489999792e-01 5.735855487340000280e-01
-2.556678323689999810e-01 -3.017318611059999905e-02
2.047225221960000119e-01 1.431246324350000099e-01
6.033326762360000095e-02 -9.490030505570000441e-02
5.966793970449999485e-01 1.154946416480000064e-02
4.769472847160000084e-01 1.324730291640000002e-02
-4.356572644539999928e+00 6.943643939259999676e-02
5.419974704779999541e-01 -1.177637937150000091e+00
7.586066725200000249e-01 2.498846476549999862e-01
9.724377428109999555e-02 1.538061125719999978e-01
-2.649664748960000107e-02 2.829481003289999880e-02
4.860325153260000031e-01 1.277855169310000011e-02
2.651991547950000028e-02 8.764142692149999581e-02
8.223063826090000472e-02 -3.352161683200000075e-02
1.095794013479999940e+01 4.087401541200000210e+00
6.591620327949999636e-01 2.198720735130000048e-01
5.605261500829999965e-01 1.210649831220000049e-02
-4.023083558699999673e-02 -1.501954289050000044e-02
6.685875262870000224e-01 -4.250162313320000190e-02
5.523153077819999979e-01 1.433700421259999969e+00
-5.671389836619999611e-03 1.198177974959999947e-01
5.997122030220000122e-01 4.834776718369999948e-02
2.520738251550000086e+00 5.978708169009999907e+00
2.169850452550000156e-02 6.533716659900000445e-02
1.470703521679999903e-01 6.813991788419999640e-01
1.425891313029999941e+00 1.673494236099999921e-01
3.545755633329999990e-01 1.396634238630000135e-01
4.242285287700000018e-01 -1.289340288350000058e-02
4.861450929330000253e-02 1.375737045900000122e-01
6.344112493299999822e-02 -4.337581612170000184e-02
4.870259846639999779e+00 -8.802035162100000365e-01
-3.345025352239999750e-01 -2.378718222360000079e-01
8.231519240019999906e-01 3.836505498300000205e-01
5.159422889320000039e-01 3.753085454499999890e-02
6.316540646549999583e-01 5.407330461570000052e-02
5.387268609040000156e-01 8.258693604210000094e-01
6.841955314150000023e-02 3.952524857479999820e-02
6.111162775890000010e-01 -8.668944188299999853e-02
-1.274747861780000102e-01 -1.091384039570000020e-01
-1.078722679319999989e+00 -6.683250435559999758e-01
-3.981167962740000260e-02 6.027950111609999689e-02
-5.426183528609999918e-02 -5.627283644069999702e-02
-6.626154714779999844e-02 7.226290226420000185e-01
-4.129239495220000111e-01 -2.458422582139999868e+00
4.950920114169999886e-01 1.316423513080000086e-02
2.988645265700000039e-02 4.370062945989999781e-02
2.348346181370000174e+00 -2.605027035960000070e+00
-6.092136742879999955e-02 -3.255322466559999739e-02
-9.910121851570000140e-02 4.688792787430000331e-02
2.495474893140000108e-02 -4.257034458120000087e-02
8.354416076859999540e-01 1.203075454159999946e+00
1.359808202359999996e+00 -1.150971986959999915e+00
1.312658598000000065e+00 -4.607046189930000257e-02
7.397746180159999740e-01 3.976781398760000259e-03
3.088092337200000134e-02 -1.648416399629999973e-01
8.405255545119999505e-01 1.199470161569999999e-01
5.714173257719999954e-01 -7.299710764590000567e-02
4.186980563190000060e-02 2.151859721409999857e-02
1.083521784060000048e-02 -3.140293906299999882e-02
-2.496722753230000078e-02 3.493902003980000059e-01
9.068682113399999523e-01 -1.029733928399999998e+00
2.548059362860000121e-01 -1.431239555920000017e-01
-1.091788862009999972e-01 -1.095461547129999991e-02
1.561651906420000069e+00 -1.672591574589999963e-01
4.865556000199999787e-01 9.105162253800000091e-03
-2.052198593829999851e+01 -2.253646828180000117e-01
5.351680038799999650e-01 7.482298052989999615e-02
1.671343683969999869e-02 1.990289091730000019e-03
9.736070647050000249e-01 2.256099527750000000e+00
-1.325364464490000060e-01 -3.893682344189999811e-02
2.194584791829999951e-02 -7.520454183770000287e-03
2.386779757140000058e+01 2.760283315219999878e+01
7.659981962020000201e-02 4.065824202539999876e-01
9.060144592339999803e-02 -9.185862395659999402e-02
-2.120151834379999933e-01 -1.628008157620000063e+00
4.758687177350000019e-01 -1.068343993410000026e-01
-9.517715416039999876e-02 3.209901047150000020e-01
5.377999076589999872e-01 4.396463150679999821e+00
1.030547905310000012e-01 3.159659641220000093e-01
4.828404914050000163e-01 1.452666612910000037e-02
6.923714010410000341e-01 -7.622396032310000402e-01
3.035429296270000243e-01 6.577985780389999926e-01
1.831775124259999998e-01 2.465466994759999975e-01
-3.584336650980000233e-02 -4.871783520689999987e-03
-1.484985853229999986e+00 6.445765739879999678e+00
3.517899814300000094e-01 2.039404881659999946e-01
6.644710305750000101e-01 -1.363272361160000057e-01
5.285845145359999719e-01 3.572566378119999830e-02
3.542976845560000143e+00 2.302813111489999898e+00
4.846306688689999698e-02 8.781470822009999899e-02
2.311053997079999880e-02 -1.443235313830000012e-02
5.656608192409999791e-01 -1.495568125070000087e-01
-3.832194801310000176e-02 -2.190846007629999870e-01
1.625848568100000113e-01 -6.161958727909999656e-01
1.221098018529999940e-01 -1.241961967780000009e+00
1.507525934499999963e-02 -5.508606826539999730e-04
3.024065895849999963e-01 2.034688245440000043e-01
1.749215398089999929e-01 6.634287285899999331e-02
8.029215408500000040e-01 -1.703161849289999974e-01
5.805311405169999613e-03 7.344205161490000022e-02
1.009954233519999994e-01 4.145326151729999964e-02
4.608444953720000070e-01 1.860041335519999894e-01
-4.719082168190000259e-01 -2.344526619700000036e-01
6.309079090270000023e-01 -9.008249750650000609e-02
8.877662174929999706e-02 8.057726145360000203e-02
4.843449390960000156e-01 8.631394237570000696e-03
2.146671206970000162e-02 1.062673457170000037e-02
1.298832566840000036e+00 1.549891733389999970e+00
7.112900276259999377e-02 3.002376758370000134e-02
-1.108978421710000023e-01 -5.729275007700000005e-02
6.509691829960000398e-01 2.066519991409999837e-03
6.217931965290000029e-01 -8.693096448560000411e-02
4.562181989559999790e-02 -5.428745094950000044e-02
-4.722250831049999709e-02 -6.812569992049999357e-02
6.178864732750000144e+01 1.315614440759999892e+00
4.929935959760000097e-01 1.534940427349999921e-02
1.026261481499999961e+00 3.661980149419999941e-01
-4.274834408150000042e-01 7.357116222890000556e-02
4.444549244739999794e-01 -1.479024438950000131e-01
1.801231715499999886e-02 -2.970202275530000203e-03
-4.960029791189999870e-01 6.252904617200000237e-01
8.937828944350000304e-01 -1.579016630829999990e+00
-1.377351994799999937e-02 6.238723688170000337e-02
5.571254409020000020e-01 6.546571409789999621e-04
3.376103516310000052e-02 5.550982059509999844e-02
1.367228801959999984e+01 1.240215464509999954e+01
-3.520620718340000121e-01 -6.849360006280000301e-02
8.364322346720000079e-01 7.148811440950000318e-01
-1.317548054790000034e+00 -4.367955323439999815e-01
-1.084954941259999917e+00 -2.744948938580000219e-01
2.355584261879999919e-01 -6.941764202830000285e-02
5.997544806340000534e-01 -6.913230831340000382e-02
3.467059240999999931e-02 -3.214302669739999702e-02
-5.982242923409999968e-03 1.016861754369999954e-02
4.219500827900000139e-01 -4.367256647969999794e-01
2.889426461790000136e-02 -3.599337713870000288e-02
-7.126734115620000365e-01 -5.328491769590000260e-01
-9.821708405160000099e-01 1.707109672909999931e+00
4.918759890450000172e-01 1.184397672770000007e-02
-2.450580641579999941e-01 1.062127830240000015e-01
1.690193396619999941e-02 -7.464356742060000369e-03
2.525296924670000082e-02 5.872229585349999885e-03
8.309893148879999858e-01 1.991285871210000114e-01
-4.662554896729999676e+00 -7.551476477480000282e-01
1.321365299920000125e-01 1.058709386120000040e-01
1.949701604269999874e-02 -8.517090482629999931e-03
-3.841248874470000185e+00 4.147212947889999946e+00
6.840613027160000192e-02 -1.255673911600000137e-01
-2.219577095630000108e-02 -7.251122779639999905e-02
6.282351154659999715e-01 -4.492947108430000308e-02
1.488540389749999915e-01 1.317067577290000069e-01
3.708056067239999809e-01 4.404044588450000131e-01
-2.682218440069999987e-02 -6.796433518099999349e-02
6.972578217070000139e-01 -4.427361473179999840e-01
6.414285100240000315e-01 -7.954127185739999495e-02
3.268370388280000260e-01 2.609168937870000038e-01
-4.312966327589999871e-01 -1.144366605179999996e-01
-1.969856004489999979e+00 -3.157732265289999729e-01
1.939549309869999932e-02 2.509874888790000064e-02
-5.083503740939999682e-01 -1.121837519760000013e-01
5.080334573250000041e+00 1.377320784179999924e+00
4.923622057420000142e-01 2.788957490429999977e-02
2.706328175479999834e-02 -1.120102208340000016e-01
7.357825378229999602e-01 -1.240261348569999950e-01
4.202174042919999686e-02 1.790983723660000138e-01
5.870620748729999949e-01 -2.909879136419999887e-02
7.869003508569999417e-02 6.524617992339999673e-02
-7.029149069459999843e+00 2.214408070679999785e+00
7.762893102750000329e-01 -6.301571383000000026e-02
-6.750489984099999896e-02 -5.339514241189999982e-02
-1.290345046469999923e+00 -1.266716272820000100e+00
5.057491454520000040e-01 1.634221620050000170e-02
-5.153864357440000182e-02 -3.456601752470000316e-02
-4.555808401790000239e-01 -2.717643918820000087e-02
-5.894707591170000177e-02 8.910254859059999616e-03
2.402257184560000169e+01 -2.015985634489999967e+01
-4.837820119890000048e-01 -1.692411402750000071e-01
6.453168603509999990e-01 3.141484803379999968e-02
1.216884997219999931e-01 1.418230379379999961e-01
1.576692889160000055e+00 -4.760716166879999989e+00
2.323574246819999981e-02 2.202619231150000079e-01
-2.492504975020000124e-01 -2.094389458310000063e-01
1.911958727590000115e-02 1.442429672389999862e-01
4.356465953599999996e-01 1.671191713070000005e-03
4.942064694400000180e-02 -3.425567861770000000e-02
2.343802492580000091e-02 -2.483032126889999844e-02
-5.667819148440000031e-03 -3.380598322719999965e-02
5.663106445850000226e-01 9.941044594120000688e-02
6.985837116749999964e-01 4.214670967890000175e-01
4.896999298070000006e-01 1.144896978459999937e-02
5.747916109299999743e-01 -1.877550014390000008e-02
-1.565461911569999920e+00 -7.139210879840000024e-01
5.116744702030000536e-01 6.067437532339999828e-01
1.328581288899999935e+00 3.049934978210000036e+00
4.865356908030000205e-01 7.591001607409999900e-03
4.643068294689999931e+00 2.014194604180000070e+01
-6.604844408119999732e-01 -1.294105943570000028e-01
4.390202504629999725e-01 -1.822852951220000142e-02
-5.274628168920000339e-03 -5.816653316130000057e-02
4.536934146080000008e-01 -4.506699282820000353e-03
5.480282707950000498e-01 5.604404259559999692e-03
5.383631474259999994e-01 8.766403218810000370e-03
7.250201860150000399e-02 5.110498384539999966e-02
-3.675982001809999788e-01 8.220096247410000334e-01
5.225934552980000536e-01 1.550362702099999934e-02
6.052668029909999969e-01 -4.104554444639999661e-02
4.138807202990000267e-01 -4.613397581400000003e-02
2.087632354079999863e-01 -4.903791626150000305e-02
7.705057649730000513e-01 1.637653530869999929e-01
-4.390276587170000022e-02 -3.248445630309999832e-02
1.051424966009999906e+00 7.604913207340000536e-01
-2.533817734079999925e-02 -8.703925581460000283e-01
-1.963660567590000128e-01 4.887607702049999725e-01
-6.435294998430000392e-03 -4.504826276409999719e-02
4.885737339580000227e-01 9.970286332330000403e-03
-4.518571089330000040e-02 6.328867282220000147e-03
6.499454874600000265e-01 6.852817433069999797e-01
-7.207671313090000531e-01 -9.178337416409999561e-01
-5.817993886560000188e-02 -5.048224106969999986e-02
6.378733540359999843e-01 -6.969332058169999677e-02
6.269833334790000379e-01 -8.401977645569999598e-02
-9.662496029029999933e-01 5.751861610559999560e-01
7.192683500400000041e-01 -1.822911297500000027e-01
-2.523851384109999929e-02 4.629286962430000096e-02
-5.211385710230000134e-02 -6.220046353110000176e-02
5.665486251260000161e-01 -1.492243955819999926e-02
7.937527088880000359e-02 1.280875210029999989e-01
1.322974205770000022e-02 3.801759189320000343e-02
-9.849053538480000425e-01 1.069629586000000021e+00
-8.120653611439999864e+00 -1.176936824510000035e+00
2.185318408889999967e-02 -8.501265480969999455e-02
6.726708005610000374e-01 -1.319311794640000077e-02
5.550241959689999893e-01 -5.536238721089999926e-01
8.389229220239999840e-01 -3.240582575769999918e-02
2.128271658009999942e-02 -3.241286782950000139e-02
4.953285112019999992e-01 1.498979940920000010e-02
2.867141714769999919e-02 -2.875705277079999844e-02
6.154472521770000260e-01 -3.397312153479999791e-02
1.999659908820000109e-01 3.955424826419999818e-01
3.272632412950000208e-02 -7.170017107430000369e-02
5.687406091970000077e-02 -3.254552023179999726e-02
1.944950519790000082e-02 3.890762601050000002e-03
1.075353718949999954e-01 9.071475453999999772e-02
4.665068898759999749e-01 7.246766074359999900e-03
-7.416829373409999752e-03 -5.229116128300000110e-02
5.742594600110000336e-01 4.482016146560000025e-02
-1.097711542619999925e+00 -4.053074042340000238e-01
6.553213057000000230e-01 -1.981891483150000077e-01
-1.762587625320000129e-02 2.168051366039999817e+00
-4.216334161890000209e-01 -3.306546581109999772e-01
1.535615768810000059e+00 2.090279760750000104e+00
5.274850242130000311e-01 2.355649857190000168e-02
1.033034739590000042e-02 -7.816277643060000335e-02
6.127634433780000389e-01 5.155313739139999463e-01
7.716149185809999977e+00 4.731465457580000256e-01
-1.160957797169999972e-01 1.871770462050000028e-02
5.047225444780000236e-01 2.110086523969999933e-02
-1.660899885219999927e-01 -1.187054884509999991e-01
-3.078214393700000051e-01 -7.406500683069999758e-01
4.914207690110000137e-01 1.776845426260000027e-02
2.073807562800000087e-02 -2.019451920270000020e-02
-5.466859799209999871e-02 2.612510377330000064e-02
6.306670586729999917e-01 1.276698591550000025e-02
-9.797871444279999953e-02 -3.426523026899999658e-02
5.842702535839999767e-01 7.231196037709999858e-02
3.347506046929999979e-01 -1.795484293179999913e+00
1.109823459389999989e-01 -1.192292112120000025e-01
4.248592086549999869e-01 -2.800514568410000099e-02
2.339883413379999916e-02 2.786328296830000058e-03
1.395007237020000068e-01 2.680419116070000274e-01
1.049052419909999978e+00 -4.206507738670000052e-01
-8.815706518839999672e-01 -4.222889625780000267e-01
2.325416123550000033e-02 -1.696655063990000142e-02
-3.168275757009999971e+00 7.148418170789999637e-01
4.750872023380000031e-01 6.668175488130000323e-04
-1.560575562129999927e-01 2.699296272069999780e-01
-1.436931870629999941e-01 4.009513135130000211e-02
5.263542542550000425e-01 9.153732583590000471e-03
6.188262043040000382e-01 -5.412277257340000064e-02
-1.568712248400000009e+00 2.304990366160000193e+00
5.132169568440000385e-01 -1.020918038919999965e-01
3.993609764719999872e-02 7.025955043630000008e-02
5.268570454100000022e-01 1.069280152050000043e-01
6.297468011050000314e-01 -1.489061863839999944e-01
6.478732362960000213e-01 1.447617248430000114e-01
-2.811107464909999853e-01 -1.685906887720000080e-01
4.903165655380000154e-01 1.214459020700000072e-02
6.320505568440000221e-01 -8.462055785109999506e-02
1.144167254929999988e-01 1.866107534449999994e-01
-6.536047609649999757e-01 4.819434338820000052e-01
7.908014349849999680e-02 3.743289816789999863e-02
8.751977039449999884e-02 4.868529309189999904e-02
6.086794247900000343e-01 1.027068022820000065e-01
2.212863592490000100e-02 -6.941888097369999788e-02
4.825021635599999748e-01 2.740026734709999877e-03
5.856164829429999497e-01 -2.567779464500000164e-03
-3.197824647039999846e+01 -9.546466863330000052e+00
1.422640122630000059e-01 5.430680631720000151e-02
-1.387178940060000004e-02 -6.303794287609999769e-02
5.472193407259999809e+00 4.314956335649999808e+00
-3.461669001739999807e+00 -5.317749026399999579e+00
2.397948350670000117e+00 3.929580067469999882e-01
6.032630453499999712e-01 -7.026935890189999617e-03
1.509153649119999996e-01 8.423245403890000649e-02
-1.018102516300000010e-01 1.559059823489999941e-01
7.049046450320000101e-01 -9.482350689919999409e-02
6.026762707839999900e-02 4.864656970140000120e-02
2.051833471520000118e-01 9.571419280319999612e-02
6.108350740779999732e-01 -2.050535753119999902e-02
1.627981321070000043e+00 -6.664966625220000163e-01
-1.602549948670000113e-01 9.102652390490000300e-01
1.189598948560000036e+00 -2.149038943909999944e-01
2.716233208180000025e-01 2.356270975289999903e-01
1.929809467069999895e+00 7.718453130850000399e-01
2.260938952210000075e+00 2.293686780989999896e+00
-3.446862212290000005e-01 1.166579891400000069e+00
3.035483149050000051e-01 8.986757597590000479e-02
-1.811245885280000079e-01 -4.501227275970000330e-02
3.509761152709999887e+00 6.322227328049999651e-01
-2.691795424239999956e+00 2.349440245979999897e+00
2.168515665430000017e-02 -2.155353663089999944e-04
5.191612497800000003e-01 5.213667878330000005e-02
4.462473531240000041e-02 -4.284944028490000195e-02
4.946102211860000097e-01 2.151516140920000167e-02
-3.971277723400000112e-03 2.311992364060000069e-02
-1.210378646260000003e-02 9.062797358450000451e-02
5.049423419070000474e-01 1.316918458839999931e-02
6.827432058210000654e-02 1.577091002309999879e-01
1.304808889750000075e-02 2.792519473000000252e-01
2.503682524310000060e-02 -2.035810682890000153e-02
-6.218022918990000203e-02 -7.808577456109999648e-02
-5.112830344330000082e-02 -5.134493930529999972e-02
-1.825474474069999908e-01 7.475904359660000276e-02
5.289741706670000182e-02 -4.722057376850000154e-02
3.606827363650000340e-02 3.225063684760000327e-02
-2.816672252049999825e-01 -3.393592457119999906e-01
-1.142478648080000048e-01 -7.914462265690000442e-02
3.662413921000000072e-01 -1.810508377070000063e-01
4.152512883409999883e-02 -3.463382406470000285e-02
2.318384918149999849e-02 -5.048793857950000311e-03
5.305763428280000360e-01 3.128078801840000200e-01
1.140550880299999979e-02 9.249222337360000698e-03
1.510678604280000004e+00 5.230522330010000109e-01
3.910039820199999738e-01 -2.932299050619999875e-02
1.420675691630000036e-02 -2.246596421159999940e-02
6.695285020360000061e-01 -8.373367244389999520e-02
6.452488063079999669e-01 -4.399755086079999711e-02
1.168731717480000043e+00 -7.437451005199999798e-01
5.326621616509999990e-01 1.577732721609999972e-02
-4.399514088769999887e-02 1.149313197709999956e+00
8.396201479229999931e-01 -1.088980365170000020e-01
-1.460714720009999912e+00 1.388024578930000086e+00
2.462220521529999984e-01 3.453378716259999925e-01
-2.000027097719999924e-01 -1.738274450520000125e-01
5.600887445559999955e-01 -1.166540357990000082e-02
-7.340559350840000219e-01 -2.185541870180000013e-01
-2.220532741570000024e+00 -4.142900355870000051e-01
-4.815819028760000287e-02 -4.595829418999999860e-02
-2.869890443490000109e+00 -1.689400662329999969e+00
-1.050762925520000030e-01 -1.172982661529999998e-01
-6.646442448400000091e-02 -7.108928432640000683e-02
4.809018232739999954e-01 -3.116374571110000144e-02
-2.627652241730000018e-02 -8.825210495799999666e-02
5.556461682839999860e-02 2.304387859700000041e-01
-1.410340627879999933e-02 -5.802697780490000123e-02
1.085279898510000014e-02 -6.732332855469999600e-02
4.899245830989999995e-01 1.066616748579999989e-02
1.454804166329999870e-01 -1.015137776079999971e-01
6.149340880950000532e-01 -7.777529832759999540e-02
6.903700087450000134e-02 -2.846353625989999844e-02
5.979594538339999543e-01 -4.015623729839999656e-02
-5.095883483119999918e-02 -8.251044934779999673e-02
-4.233879381699999778e-01 4.446609442650000243e-01
-1.251795560190000067e+01 -3.017150535639999909e+00
2.127212414419999975e-01 5.765645209469999477e-01
-5.906623401339999857e-02 -9.823991208439999956e-02
4.076993201690000124e-01 -1.914126838629999841e-02
5.624621823459999836e-01 -9.138150851050000356e-02
5.549222150820000143e-01 -7.417474570220000674e-02
3.591705606100000225e-01 -6.655330075649999733e-02
-2.785920170939999996e-01 -9.127415676679999368e-02
1.533785800020000083e-02 -4.137797763380000188e-02
5.404059776240000001e-01 -4.369108340550000025e-02
-1.821378233829999971e+00 3.581617844160000175e+01
4.860829814679999972e-01 1.064748142400000035e-02
-3.245212038340000160e-01 -1.262995822109999888e-01
6.484885502820000314e-01 -7.251421538510000042e-02
4.675118719799999795e-03 -1.599415921359999965e-02
6.234038084639999949e-02 -2.772234010220000003e-02
4.674656228999999885e-01 -6.746289242039999953e-03
3.031502995700000036e-03 -3.970623173820000268e-02
4.891418210790000054e-01 1.225403546110000012e-02
6.536046736859999484e-01 -8.228351455740000320e-02
-3.988984638529999849e-01 -2.082050900680000038e-01
3.446712142790000044e+00 -1.695129568360000061e+00
-3.473639112440000121e-01 -1.684997973540000027e-01
6.199090803569999863e-01 -1.076673899260000011e-01
5.524214238289999745e-02 -2.722277717540000017e-02
-8.598914710030000075e-01 -2.891379036469999830e-01
-1.344185313559999873e-01 -9.141122200439999457e-02
4.396043777129999830e-01 -4.583410655060000255e-02
1.104309924069999949e-01 -5.274445974269999921e-02
-1.511999960189999992e-01 -1.034709023650000059e-01
6.152082106149999730e-01 -4.519915823339999694e-02
4.024093188199999727e-01 -8.170908929040000043e-04
-1.019882523789999995e+00 -3.053896035870000067e-02
-1.623765841590000050e-02 1.922740771060000090e-02
6.934178727780000440e-01 -3.205379874790000028e-02
1.897418613220000060e-03 -6.323732406130000427e-02
-3.326006102930000041e-02 -6.917883389499999980e-02
1.774966112960000078e-02 1.147656036270000013e-01
-2.934861887739999980e-02 -7.216595212859999720e-02
-8.135492602660000516e-01 -2.024015067619999997e-01
4.090982705040000056e+00 -3.602184791669999697e+01
1.804241294570000098e-01 -5.774680538549999825e-02
5.870770332289999560e-01 -6.990715194240000596e-02
2.043872069129999969e-01 -7.284539297089999421e-02
-4.197307022079999755e-02 -8.230957189809999519e-02
4.901426099560000083e-01 1.335225826720000050e-02
-4.205473374480000331e-02 -7.429775736950000598e-02
7.649868284440000665e-02 -5.825017938759999986e-02
-1.715602102469999946e-02 -5.613553399449999759e-02
-6.890404300260000170e-02 -9.448357117569999852e-02
2.104420794780000048e-01 6.176883171699999731e-02
1.186650700090000066e-01 -7.923121814340000624e-02
5.320026822819999834e-01 5.922884905389999739e-03
2.901590723890000098e-02 -5.043886966919999826e-02
2.714795165359999984e-01 -6.768530126890000276e-02
5.431153852529999604e-01 -5.944791320460000140e-05
-8.118633882840000857e-03 -1.387132003700000064e-03
-3.320371025379999924e-02 -8.255425683129999359e-02
5.492026619650000052e-01 -2.751434979050000010e-03
4.765740996639999949e-02 -2.730218577550000067e-02
5.028188404379999588e-01 1.306309104499999915e-02
-2.878038541129999961e-02 -7.694318373939999789e-02
-8.100326386559999646e-04 -5.010781174250000108e-02
-8.871217381470000371e-03 -8.492054370399999830e-02
-2.781523984450000153e+00 -5.293979871239999913e-01
2.736964297000000212e-01 1.715298159420000079e+00
1.455778356869999934e-03 3.704444887890000204e-02
3.717471925249999920e-01 -3.517815240459999659e-02
5.801914197499999926e-01 -2.364437881060000093e-02
7.129333871040000048e-01 -6.750212530759999718e-02
-4.501339418840000217e-01 1.723311299809999975e+00
5.924235220700000415e-01 -3.492389900420000276e-02
-1.923388379789999977e-02 -1.001162309549999962e-01
-2.346957456619999938e-01 -1.467533698940000075e-01
4.988927210079999730e-01 -4.962072538389999954e-02
6.951264846910000239e-01 -1.244562047810000016e-01
4.912085934520000197e-01 1.259387274809999936e-02
-5.415223707030000083e-02 -7.608970945970000566e-02
-3.651411925120000290e-02 -2.535756098880000142e-02
5.548709941499999632e-01 -7.110223827660000148e-03
-2.630005773319999962e-01 -1.538730349799999897e-01
-9.069576118010000410e-02 -1.026790948499999995e-01
-3.109989063460000258e-01 -1.807741275099999934e-01
4.841079504329999783e-01 -6.342264226999999761e-03
-7.254504144330000369e-03 -6.551810320499999729e-02
2.309973522800000054e-02 -9.124016550189999880e-03
4.997960299070000056e-01 1.327903931050000014e-02
4.893642401059999925e-01 1.466935033759999944e-02
5.974655409010000140e-01 -8.189780642629999885e-02
-5.579623187590000005e-02 -4.130802894439999928e-02
3.277730890719999790e-01 -5.266512879319999729e-02
-1.350870208409999940e+00 -5.688767197470000377e-03
5.757352520849999822e-01 -5.779652201530000033e-02
-1.452177775570000044e-02 -3.845325774279999970e-02
6.520662617129999727e-01 -1.071134105460000013e-01
4.505622972769999790e-01 -2.415937361369999842e-02
-5.674667062089999714e-01 -3.381618137380000277e-01
4.612468086029999914e-01 -3.950182530259999797e-02
-1.091546852349999965e-02 -6.000218174150000194e-02
-3.158438914370000017e+00 -4.197492133399999825e-01
5.203920315219999759e-01 9.873803237620000506e-03
-3.523498325489999861e+00 -7.112924690869999456e-01
5.384534917080000538e-01 2.695952626050000193e-03
1.782296464929999935e-02 -6.070867302530000287e-02
-1.476745344060000076e-02 -4.989380290030000220e-02
-1.528112808539999930e-02 -6.833671861029999572e-02
-7.592003793970000247e-01 -1.706215676320000166e-02
5.374014099520000309e-01 -6.166956732190000123e-02
-2.198329571960000006e+00 1.296030531199999913e+01
-1.552030440890000085e+00 -4.122022184829999825e-01
5.110282295279999776e-01 1.290357010249999943e-02
-7.841329797340000629e-02 -7.533468690609999852e-02
-7.721712771000000322e-03 -7.412112076980000019e-02
6.082315631239999520e-01 -4.906818193140000117e-02
3.062950266200000216e-01 5.210585360589999881e-01
-1.023685694859999967e-01 -9.498663608959999338e-02
-8.755252362269999589e-01 -1.344554075959999984e-01
-4.403681285640000109e-02 -1.078152132639999955e-01
1.606192100230000031e-01 -5.077321689400000199e-02
-3.953009087480000017e-02 -6.935177849510000547e-02
6.337652959630000193e-01 -1.005955607120000012e-01
-2.245298221280000117e+00 -1.210010103810000015e-01
